0.18924971222510784 0.7056678024826842
0.18646060929112274 0.7096880009935033
0.1921975703756943 0.6765335602947822
0.19046628726254872 0.6827944110332983
0.19370755548805035 0.6698535663236266
0.195347817954381 0.6509153851170402
0.1967300692090685 0.6302196431746554
0.20062045941249992 0.6109818174426012
0.20168955269357086 0.6069716163294191
0.20096153671107642 0.6098013960786153
0.19638611659667704 0.6502424198294805
0.20392137528957238 0.6016183149264204
0.20257422536131803 0.6057827579893326
0.20465356369483986 0.5737633366550429
0.2048279665974698 0.5689710317338452
0.210091146002238 0.5344538115894362
0.2067760756867556 0.5581911019396583
0.21472464383919523 0.5201393588845014
0.21162061641711488 0.522472804893092
0.21596521714544736 0.4906376912497133
0.2156686660762248 0.5069443229340475
0.2220429832976496 0.45854330029258006
0.217923423985925 0.47850548661351155
0.2210929544256984 0.45884378218521277
0.22696815981330043 0.4044940133963826
0.2264613938786837 0.4047592871620099
0.2247504986642847 0.44073179416598335
0.23116740287078433 0.3951822249218431
0.23231081297864262 0.36648813011559145
0.2392396096165097 0.35865246227510206
0.24055910480948361 0.3373633734359101
0.2506240950615172 0.30971236636637517
0.24325942478672868 0.3321708526636032
0.2485828303018785 0.3212023663845768
0.2456379582564381 0.327796560490716
0.25577438658554896 0.2911642404952209
0.011526701532894645 0.9380445397659242
0.0056692561296184385 1.0028369401561645
0.0019881653249734232 1.0130138305265064
0.021063168701746515 0.9192714205118127
0.023756233474909863 0.913073593084858
0.021492932002758175 0.9149288546195284
0.024756466527876164 0.9048665589456867
0.025085247047428316 0.8988779477574441
0.025619263128555086 0.8698410207549032
0.0016090720569221784 1.014257881028857
0.016510047005625195 0.921260020546981
0.031088338456625245 0.8428248043351242
0.01056838855919967 0.9539968646715427
0.0 1.041673220883005
0.0008102534239607107 1.0171157526041952
0.007776124987151772 0.9915962053851675
0.038024885475010095 0.8278965285855808
0.043968292803022 0.8001573405454828
0.05046578402719372 0.7908155854676351
0.05261072061111194 0.7709870788194082
0.06116815533132658 0.7660669191173065
0.06207219151851462 0.748415908712463
0.061559488000189344 0.7653616264428262
0.06651324049589444 0.738469814495715
0.08033314350714146 0.7376278733343575
0.0843397805615355 0.7136075846661861
0.42770110719569476 0.088360969982859
0.42348409748758953 0.13008995329977202
0.4295809723768731 0.08387451984686196
0.4290490323295667 0.08536030838997179
0.430364166461996 0.05933519175940005
0.4335307104473296 0.049365335001600244
0.43395748581719895 0.028891763314236405
0.4339255625987618 0.04193312337445398
0.4359254289456242 0.02064767277763447
0.4362114446061378 0.018758836371270123
0.4375703568463736 0.00472315951339444
0.4386502588653274 4.753826214960964e-05
0.43752302491256734 0.005245542516239803
0.4333841922229099 0.05224389144619351
0.4356395155962932 0.028615353152562983
0.42566732909232624 0.10905177396506706
0.42152134037103695 0.13086564120311225
0.4177951313301007 0.22335978011461852
0.4178483067862002 0.20834591201562744
0.4206938944170488 0.14899607968971063
0.4192611302588435 0.17523750950559971
0.4388836460607102 -0.02580950815930892
0.4149252348666385 0.24452890194669596
0.4132001770159936 0.24944720071370582
0.4154949384336999 0.23512725207615748
0.41634675729982096 0.22784178382707732
0.41501906266990046 0.23806029651177182
0.44322347634838344 -0.049002326356034874
0.4477309176685413 -0.062236385682551305
0.45449648308831603 -0.06496216389909841
0.452346144231051 -0.0634241330258982
0.45603532691391313 -0.07205667865068303
0.4125451644344683 0.26491359620314425
0.4116856986153159 0.27698405970136275
0.6211447616294248 -0.09772580922041105
0.621414161620956 -0.10144524837557505
0.6225299618804301 -0.11169201370323563
0.6219010074148638 -0.10717807353806938
0.6202834219991661 -0.08452165102254687
0.6237917786468541 -0.11988801906424851
0.6251343364086166 -0.1348704286877991
0.6254422488661515 -0.15666953682934628
0.6249972584165829 -0.12884427860721478
0.6208146446824716 -0.09514405169411734
0.6267495828802484 -0.1683364283109517
0.6271660893315482 -0.1957428083981963
0.6281176820812544 -0.20394949127812878
0.6292350628254786 -0.2051727777729267
0.6304429120425874 -0.24679880794781264
0.6270609284670206 -0.1873020850052469
0.6323410789156525 -0.27040717970617617
0.6342573499399704 -0.2809053502033561
0.6367791726506249 -0.2917814182908225
0.6385929753155651 -0.2966370878143985
0.6431750866797515 -0.3524873237955691
0.6434902981573503 -0.3764932798175002
0.6395959343597296 -0.3515965166146563
0.6348722923536237 -0.282356385087335
0.6490351410450342 -0.3874595596727097
0.6480734769947438 -0.38381677057418906
0.6476831331754414 -0.3810552508111113
0.6501625033492072 -0.40677870011007156
0.825920890821682 -0.4135596752651313
0.8279467230303607 -0.504388717542344
0.8327244218862491 -0.5305763727491386
0.8335298387129826 -0.533715911529288
0.8339584889239966 -0.5462192528154748
0.8349312962957316 -0.5649791032948671
0.8397658540838646 -0.6199562580028443
0.8403645063923957 -0.6219858666161266
0.8413286924894461 -0.6467929209406518
0.8415661612618361 -0.6709438862016487
0.8407889905774686 -0.6359688540655254
0.8431705023199816 -0.6758769120014818
0.8495056761003177 -0.6936828997561719
0.838227483486899 -0.6199064465020943
0.852885720567951 -0.6990907998736862
