Solution ID:  0
Fitness:[0.18924971 0.7056678 ]
Position:[0.18924971 0.00203354 0.05913783 0.01456012 0.00519625 0.01559789
 0.         0.01173146 0.01823883 0.02550238 0.00372257 0.
 0.00981325 0.00126975 0.         0.00211953 0.01434373 0.00575406
 0.00683628 0.01181593 0.0053041  0.01239198 0.         0.04258425
 0.00241104 0.01459011 0.         0.00036653 0.03373872 0.        ]
--------------------------------------------------------------------------------------
Solution ID:  1
Fitness:[0.18646061 0.709688  ]
Position:[0.18646061 0.00661362 0.         0.0133151  0.         0.0217931
 0.         0.0018363  0.00566808 0.00611873 0.00681363 0.00309027
 0.00800639 0.00145522 0.00835645 0.00771606 0.00127195 0.00787659
 0.02226285 0.01012671 0.01742166 0.02777774 0.02196641 0.03904648
 0.00109974 0.01121408 0.00278969 0.00127246 0.         0.00895858]
--------------------------------------------------------------------------------------
Solution ID:  2
Fitness:[0.19219757 0.67653356]
Position:[1.92197570e-01 1.31483243e-02 3.29257708e-03 1.22250449e-02
 1.00310224e-02 2.12256896e-02 0.00000000e+00 9.86880865e-03
 3.31689195e-03 1.32828017e-03 1.19299781e-03 5.62150464e-03
 2.77241093e-02 3.46391980e-05 0.00000000e+00 1.48517509e-02
 1.60805859e-02 8.33957272e-03 3.97255675e-04 5.29415664e-03
 2.16451822e-02 1.26889977e-02 2.00273509e-02 3.22665223e-02
 4.28168641e-03 1.30343730e-02 1.78070764e-03 5.45216463e-03
 4.20713880e-03 1.08481380e-02]
--------------------------------------------------------------------------------------
Solution ID:  3
Fitness:[0.19046629 0.68279441]
Position:[0.19046629 0.0095103  0.01354483 0.01180274 0.02345232 0.02060889
 0.00402595 0.00757958 0.00998756 0.01518    0.00855433 0.00310113
 0.00748574 0.00364977 0.00408303 0.00662134 0.01015901 0.00435421
 0.00667616 0.00884009 0.00709798 0.00386368 0.00546297 0.01920729
 0.00189923 0.01296251 0.00147541 0.001321   0.02394373 0.00190794]
--------------------------------------------------------------------------------------
Solution ID:  4
Fitness:[0.19370756 0.66985357]
Position:[0.19370756 0.02382898 0.02008056 0.01806725 0.         0.02518816
 0.         0.00301505 0.00488917 0.01502369 0.0145165  0.00548236
 0.00876192 0.00198682 0.00654825 0.01711286 0.01209307 0.00664184
 0.0067709  0.00466829 0.01411886 0.01377773 0.01084567 0.0071224
 0.00617741 0.01175608 0.00066077 0.00352036 0.0237311  0.00896542]
--------------------------------------------------------------------------------------
Solution ID:  5
Fitness:[0.19534782 0.65091539]
Position:[0.19534782 0.00685532 0.00079729 0.01304937 0.0010725  0.02176563
 0.0007144  0.00201354 0.0065333  0.00633673 0.00734661 0.00301488
 0.00889288 0.00150247 0.00818354 0.00759828 0.00218845 0.00763302
 0.02137217 0.0097719  0.01702751 0.02622643 0.02122506 0.03646577
 0.00125025 0.0112916  0.00268855 0.00146457 0.00221862 0.0085901 ]
--------------------------------------------------------------------------------------
Solution ID:  6
Fitness:[0.19673007 0.63021964]
Position:[0.19673007 0.0036028  0.01631608 0.00540621 0.01764534 0.01399712
 0.01622609 0.         0.01396973 0.         0.00130075 0.00084594
 0.01574618 0.00282293 0.00371971 0.0015038  0.00438488 0.00287427
 0.00284371 0.00982844 0.00681727 0.00359043 0.0192633  0.01171678
 0.00388498 0.01362441 0.00097734 0.00293023 0.0205031  0.00449473]
--------------------------------------------------------------------------------------
Solution ID:  7
Fitness:[0.20062046 0.61098182]
Position:[2.00620459e-01 9.04139137e-03 3.57087040e-03 3.86739330e-03
 1.92723091e-02 1.88853355e-02 1.61613280e-02 4.00309669e-03
 1.34625000e-02 7.64517509e-03 6.78762117e-03 4.06995029e-03
 1.80741600e-02 2.55088904e-03 2.42866995e-03 3.53577300e-03
 0.00000000e+00 4.57581171e-03 7.34222975e-03 9.76022903e-03
 5.68252826e-03 3.02449757e-02 1.51795332e-02 1.31129578e-02
 3.60811473e-03 1.69017821e-02 5.54512979e-04 8.36322824e-05
 1.85480011e-02 3.48642492e-04]
--------------------------------------------------------------------------------------
Solution ID:  8
Fitness:[0.20168955 0.60697162]
Position:[0.20168955 0.01038195 0.00901276 0.0045373  0.         0.02716557
 0.         0.02321979 0.         0.053587   0.         0.00549511
 0.01863341 0.         0.         0.00309266 0.01215696 0.00548041
 0.014563   0.00768351 0.00666095 0.00489437 0.0144159  0.03571708
 0.         0.01178464 0.00168588 0.00408131 0.         0.00156216]
--------------------------------------------------------------------------------------
Solution ID:  9
Fitness:[0.20096154 0.6098014 ]
Position:[0.20096154 0.00674342 0.         0.01389755 0.00028841 0.01893771
 0.00156245 0.00160431 0.00659938 0.00708258 0.00551822 0.00281038
 0.00546475 0.00157267 0.00859519 0.00837473 0.0010177  0.00789064
 0.02206941 0.00631789 0.0167679  0.02659285 0.02069552 0.03788909
 0.001383   0.01217885 0.00230207 0.00108064 0.01198992 0.00771814]
--------------------------------------------------------------------------------------
Solution ID:  10
Fitness:[0.19638612 0.65024242]
Position:[0.19638612 0.00138179 0.0241848  0.00827998 0.04878172 0.0186229
 0.         0.00663071 0.03055742 0.01583227 0.01251569 0.00434727
 0.00751837 0.00210962 0.00329692 0.00182018 0.00592692 0.00385628
 0.01073157 0.01065519 0.00564213 0.01416184 0.00165996 0.00282166
 0.002139   0.0220223  0.0002256  0.00326917 0.02272598 0.00098636]
--------------------------------------------------------------------------------------
Solution ID:  11
Fitness:[0.20392138 0.60161831]
Position:[0.20392138 0.02540267 0.02446731 0.01987835 0.02177024 0.02046201
 0.00776256 0.00916409 0.00181091 0.01723553 0.0133299  0.00591892
 0.00895241 0.00180284 0.00753912 0.01988456 0.01336394 0.00659619
 0.00545279 0.00270062 0.0123256  0.01056159 0.00746511 0.
 0.00792042 0.01148087 0.0005132  0.003897   0.02543567 0.01033545]
--------------------------------------------------------------------------------------
Solution ID:  12
Fitness:[0.20257423 0.60578276]
Position:[2.02574225e-01 1.02907151e-02 6.98536150e-03 1.31517527e-02
 0.00000000e+00 2.61173644e-02 1.09467317e-02 0.00000000e+00
 1.42589824e-02 4.80886888e-03 8.54905381e-03 4.01377434e-04
 2.18859672e-02 1.60154226e-03 6.01768096e-03 9.28681249e-03
 6.08423115e-03 7.55145714e-03 2.34430097e-02 7.56652358e-03
 1.55274376e-02 2.30630910e-02 1.29230071e-02 2.16949330e-02
 6.18882173e-03 1.81882214e-02 1.72922572e-04 4.36508892e-03
 1.08361921e-02 6.50105490e-03]
--------------------------------------------------------------------------------------
Solution ID:  13
Fitness:[0.20465356 0.57376334]
Position:[0.20465356 0.0036534  0.00235354 0.01696591 0.0081203  0.02846342
 0.02040114 0.0045475  0.         0.01725635 0.         0.00241203
 0.         0.00108375 0.00863986 0.007904   0.00767721 0.00731565
 0.01854449 0.00347273 0.01462951 0.         0.00470394 0.02657859
 0.0008781  0.01612922 0.00196844 0.00218582 0.         0.0059741 ]
--------------------------------------------------------------------------------------
Solution ID:  14
Fitness:[0.20482797 0.56897103]
Position:[0.20482797 0.00252626 0.         0.00526955 0.01275217 0.01965508
 0.01467725 0.00281827 0.01351519 0.00901393 0.00602048 0.
 0.02099737 0.00223877 0.0070567  0.         0.         0.00205891
 0.01170965 0.00621335 0.00762591 0.00905231 0.00470013 0.00573095
 0.00132764 0.02020543 0.00144029 0.00046977 0.0305225  0.        ]
--------------------------------------------------------------------------------------
Solution ID:  15
Fitness:[0.21009115 0.53445381]
Position:[0.21009115 0.00326776 0.0061053  0.00769171 0.00643497 0.00743788
 0.01399603 0.00185891 0.01999375 0.00101326 0.0033619  0.00106513
 0.00999488 0.00382784 0.01349864 0.00641561 0.00372687 0.00131642
 0.00104753 0.01032881 0.0135565  0.01232288 0.01839298 0.02217005
 0.00130456 0.01597494 0.00142699 0.00279054 0.02895082 0.00314639]
--------------------------------------------------------------------------------------
Solution ID:  16
Fitness:[0.20677608 0.5581911 ]
Position:[0.20677608 0.00544736 0.00089847 0.00603085 0.00960856 0.02752378
 0.00490313 0.00238133 0.03020156 0.00371721 0.00144865 0.00199619
 0.02480123 0.00234601 0.00821791 0.00504395 0.00929743 0.0054212
 0.00694813 0.00763967 0.00940438 0.0189356  0.00734487 0.00186313
 0.00242408 0.01775437 0.00026793 0.00364034 0.         0.00933825]
--------------------------------------------------------------------------------------
Solution ID:  17
Fitness:[0.21472464 0.52013936]
Position:[0.21472464 0.0040896  0.04005183 0.01805998 0.00944231 0.03012888
 0.0081485  0.01018644 0.01503845 0.02403228 0.00280975 0.00124772
 0.00289086 0.00100156 0.         0.0056017  0.01938492 0.00750071
 0.00651506 0.00748217 0.01212726 0.         0.         0.02814538
 0.00380342 0.01461725 0.00077453 0.0026108  0.05215454 0.00250114]
--------------------------------------------------------------------------------------
Solution ID:  18
Fitness:[0.21162062 0.5224728 ]
Position:[0.21162062 0.00581657 0.0175639  0.00879009 0.00633326 0.01924935
 0.01250214 0.00183655 0.01530813 0.00301622 0.00720964 0.00209064
 0.01136619 0.00346054 0.01675553 0.00592738 0.00592858 0.00246437
 0.00661865 0.01082542 0.01047153 0.0126027  0.01145199 0.01679598
 0.00264056 0.01384533 0.00117022 0.00311056 0.00299833 0.00345972]
--------------------------------------------------------------------------------------
Solution ID:  19
Fitness:[0.21596522 0.49063769]
Position:[2.15965217e-01 3.79528905e-03 2.91353665e-03 1.70110127e-02
 8.61596326e-03 2.88160119e-02 2.06649644e-02 4.53953308e-03
 1.03928786e-04 1.71038509e-02 1.82009940e-04 2.47823886e-03
 4.85985387e-04 1.20463841e-03 8.71538461e-03 7.80810911e-03
 7.55078802e-03 7.28407443e-03 3.02519087e-02 3.47642218e-03
 1.48957773e-02 5.11244400e-05 4.93274080e-03 2.66552938e-02
 8.55050593e-04 1.60962594e-02 2.00168577e-03 2.17816795e-03
 5.11126346e-04 5.90847601e-03]
--------------------------------------------------------------------------------------
Solution ID:  20
Fitness:[0.21566867 0.50694432]
Position:[0.21566867 0.00354242 0.03385341 0.01631494 0.00794701 0.02958192
 0.01920914 0.00722532 0.00226323 0.01809215 0.00021728 0.00309876
 0.00173535 0.00192014 0.00815745 0.00795662 0.00912614 0.0071956
 0.01804885 0.01017877 0.01460481 0.02203424 0.00723075 0.02600022
 0.00095528 0.01544455 0.00202087 0.00315061 0.00218792 0.00611637]
--------------------------------------------------------------------------------------
Solution ID:  21
Fitness:[0.22204298 0.4585433 ]
Position:[0.22204298 0.0065301  0.         0.01607347 0.00800932 0.02380157
 0.0083953  0.         0.01325212 0.00984841 0.00311813 0.00322628
 0.01835437 0.00067173 0.00825304 0.00944858 0.00623838 0.00801737
 0.01716587 0.         0.01838696 0.00646189 0.0082556  0.03599931
 0.         0.01768934 0.00236986 0.0026263  0.04007351 0.00718571]
--------------------------------------------------------------------------------------
Solution ID:  22
Fitness:[0.21792342 0.47850549]
Position:[0.21792342 0.00664585 0.02648653 0.00816674 0.01809369 0.0208906
 0.00545495 0.00259098 0.0116861  0.00624481 0.00408055 0.00288418
 0.01070276 0.00277356 0.00433443 0.00305451 0.00729079 0.00492143
 0.00538365 0.00904577 0.01033268 0.00715917 0.01603989 0.01850578
 0.00285515 0.0124433  0.00147647 0.00299276 0.02060408 0.00450397]
--------------------------------------------------------------------------------------
Solution ID:  23
Fitness:[0.22109295 0.45884378]
Position:[0.22109295 0.00117515 0.01260473 0.00629615 0.         0.01286378
 0.00626608 0.         0.01485373 0.         0.00415994 0.00076679
 0.02239784 0.00191195 0.00806597 0.0049557  0.00545887 0.00497839
 0.0124942  0.00903441 0.01136207 0.03176635 0.01891182 0.01862465
 0.00440575 0.01488196 0.00113919 0.00157298 0.03615572 0.00530415]
--------------------------------------------------------------------------------------
Solution ID:  24
Fitness:[0.22696816 0.40449401]
Position:[0.22696816 0.0034024  0.00230483 0.002978   0.01828278 0.01662504
 0.02458747 0.00313969 0.02388778 0.00386573 0.00444952 0.0025293
 0.01471639 0.00320736 0.0087906  0.00406288 0.00912465 0.00224607
 0.00632053 0.00970498 0.00416317 0.00368368 0.01333596 0.00031878
 0.00070426 0.0147436  0.00107036 0.00312751 0.00346753 0.00582484]
--------------------------------------------------------------------------------------
Solution ID:  25
Fitness:[0.22646139 0.40475929]
Position:[2.26461394e-01 2.37972069e-03 1.86980881e-02 1.91846336e-04
 1.89509938e-02 6.33345252e-03 2.02839620e-02 4.29079851e-03
 2.10357237e-02 6.69262020e-03 4.41570395e-03 1.31073294e-03
 7.15001384e-04 2.48915304e-03 1.21371850e-02 6.65138843e-04
 6.05052986e-03 3.10142178e-04 5.45744316e-03 7.60551203e-03
 1.92329452e-03 6.24363597e-03 1.50629331e-02 4.01885039e-03
 2.66625076e-03 1.57459833e-02 1.30924681e-03 3.10530920e-04
 6.81858038e-03 7.68497498e-03]
--------------------------------------------------------------------------------------
Solution ID:  26
Fitness:[0.2247505  0.44073179]
Position:[0.2247505  0.00939809 0.         0.01490523 0.00207292 0.02634454
 0.02145781 0.         0.00957733 0.00440272 0.00460643 0.00346281
 0.0121779  0.00195047 0.01383481 0.00944244 0.00233679 0.00772912
 0.01783635 0.00863535 0.02118061 0.02965409 0.02190972 0.03343078
 0.00148211 0.01193676 0.00259255 0.00274519 0.         0.00888485]
--------------------------------------------------------------------------------------
Solution ID:  27
Fitness:[0.2311674  0.39518222]
Position:[0.2311674  0.01032245 0.00669001 0.01385795 0.00471376 0.0326863
 0.00884533 0.0015959  0.02111462 0.01199712 0.0072054  0.00362567
 0.01067355 0.00283763 0.00366108 0.00775988 0.02494425 0.00408174
 0.00961299 0.00457088 0.01391781 0.01357504 0.01201669 0.01140494
 0.00409987 0.01159183 0.00217892 0.00573715 0.01190808 0.00869381]
--------------------------------------------------------------------------------------
Solution ID:  28
Fitness:[0.23231081 0.36648813]
Position:[0.23231081 0.00334953 0.         0.00500144 0.00279893 0.03166318
 0.         0.         0.02976904 0.00306082 0.00416647 0.00365266
 0.01961665 0.00313379 0.00262332 0.00229082 0.02018125 0.00247375
 0.         0.00680515 0.00872047 0.         0.01583418 0.
 0.         0.01295999 0.00267784 0.00425915 0.00319504 0.00541971]
--------------------------------------------------------------------------------------
Solution ID:  29
Fitness:[0.23923961 0.35865246]
Position:[0.23923961 0.00088464 0.01513077 0.00932759 0.00123327 0.02091711
 0.00495195 0.00549605 0.01315146 0.0132048  0.00336481 0.00237337
 0.         0.00136128 0.         0.0023915  0.01338253 0.00769832
 0.01160174 0.0113345  0.00673662 0.01680899 0.01590456 0.03343921
 0.00307766 0.01283801 0.00045877 0.00234513 0.07881095 0.00284491]
--------------------------------------------------------------------------------------
Solution ID:  30
Fitness:[0.2405591  0.33736337]
Position:[2.40559105e-01 1.96328113e-02 0.00000000e+00 9.65418718e-03
 3.89685561e-03 0.00000000e+00 7.44440413e-03 0.00000000e+00
 2.35184775e-02 0.00000000e+00 1.57638688e-02 1.30694534e-03
 2.60398125e-03 3.66754079e-03 1.89425646e-02 1.00241887e-02
 9.64418528e-03 4.88726565e-03 2.03966384e-02 1.20712453e-02
 3.14125111e-03 2.25296708e-02 8.16861466e-03 5.01292607e-03
 4.69953156e-03 1.45326886e-02 1.80941979e-04 3.29198161e-03
 1.62640248e-02 4.38771921e-03]
--------------------------------------------------------------------------------------
Solution ID:  31
Fitness:[0.2506241  0.30971237]
Position:[0.2506241  0.00278707 0.0155276  0.01728547 0.01048663 0.03211005
 0.02224343 0.0065565  0.         0.02038521 0.         0.00268974
 0.01132061 0.00138223 0.00891346 0.00788819 0.00808213 0.00695477
 0.02065449 0.00727676 0.01250501 0.         0.00048232 0.01889539
 0.0026019  0.01475263 0.00133859 0.00235677 0.         0.00464247]
--------------------------------------------------------------------------------------
Solution ID:  32
Fitness:[0.24325942 0.33217085]
Position:[0.24325942 0.00198418 0.         0.00674032 0.01005065 0.02314078
 0.01712899 0.00775311 0.01243976 0.01461534 0.00549042 0.
 0.02859158 0.00197346 0.00998007 0.         0.00131502 0.00269602
 0.0129372  0.0059316  0.01013229 0.01701341 0.00490952 0.00566737
 0.00125698 0.02107981 0.00156613 0.00058396 0.04185631 0.00175102]
--------------------------------------------------------------------------------------
Solution ID:  33
Fitness:[0.24858283 0.32120237]
Position:[0.24858283 0.01072998 0.         0.01106897 0.01394183 0.02239632
 0.02709921 0.0060723  0.01400695 0.02387348 0.00176721 0.00424354
 0.00591019 0.00281594 0.01020612 0.00313546 0.01074732 0.00734232
 0.01760139 0.01058785 0.00936651 0.00745192 0.02562078 0.02570641
 0.00228192 0.01163636 0.00137194 0.00204683 0.00074553 0.00053241]
--------------------------------------------------------------------------------------
Solution ID:  34
Fitness:[0.24563796 0.32779656]
Position:[0.24563796 0.00771483 0.01904151 0.00527184 0.01564188 0.0101625
 0.00342058 0.00422269 0.0204009  0.01026737 0.00728016 0.00077815
 0.00072895 0.00298614 0.01035855 0.00860024 0.0002498  0.00417154
 0.016105   0.0118209  0.00723037 0.03041435 0.02326366 0.01543117
 0.00528325 0.01670142 0.00046661 0.00194991 0.01620833 0.00779677]
--------------------------------------------------------------------------------------
Solution ID:  35
Fitness:[0.25577439 0.29116424]
Position:[0.25577439 0.00298813 0.00455353 0.00576724 0.01898794 0.01797859
 0.01186251 0.0013136  0.01215251 0.0026252  0.0048714  0.00652788
 0.00816373 0.00254534 0.00294323 0.00288417 0.00485259 0.00464523
 0.0095076  0.00959788 0.00831985 0.         0.02013109 0.01356132
 0.00294594 0.0134911  0.00246677 0.00257881 0.00540701 0.00432655]
--------------------------------------------------------------------------------------
Solution ID:  36
Fitness:[0.0115267  0.93804454]
Position:[0.0115267  0.00194713 0.         0.         0.00973369 0.0009657
 0.04046368 0.00159597 0.01879539 0.         0.00102913 0.
 0.01372733 0.00371382 0.01485263 0.00360948 0.00193148 0.00065088
 0.         0.01206443 0.         0.00557807 0.01847661 0.
 0.         0.01388556 0.00012271 0.00155051 0.         0.0036995 ]
--------------------------------------------------------------------------------------
Solution ID:  37
Fitness:[0.00566926 1.00283694]
Position:[5.66925613e-03 1.22047658e-02 4.42454585e-02 4.71473516e-03
 2.04086856e-02 1.60856371e-02 3.30920996e-02 1.50215940e-02
 6.74079165e-03 2.82505905e-02 0.00000000e+00 1.60443817e-03
 3.47308415e-03 2.75617187e-03 8.48740634e-03 7.01399387e-03
 0.00000000e+00 2.73359026e-04 5.17200341e-03 1.35948699e-03
 1.14724624e-02 6.65991082e-03 2.99259970e-03 2.10460239e-02
 1.91990509e-03 8.45351114e-03 1.26814805e-03 4.71360506e-05
 0.00000000e+00 0.00000000e+00]
--------------------------------------------------------------------------------------
Solution ID:  38
Fitness:[0.00198817 1.01301383]
Position:[0.00198817 0.00172819 0.         0.00148289 0.02139773 0.00392264
 0.0243555  0.00083643 0.01997331 0.00305849 0.00044172 0.00057112
 0.00974044 0.00320164 0.01181256 0.00377433 0.00174326 0.00151689
 0.01298319 0.0102866  0.00546456 0.00415906 0.02148302 0.00159284
 0.         0.01558344 0.00025285 0.         0.00183168 0.00699348]
--------------------------------------------------------------------------------------
Solution ID:  39
Fitness:[0.02106317 0.91927142]
Position:[0.02106317 0.00724448 0.01168907 0.         0.0364719  0.00620901
 0.04560986 0.00681193 0.01458768 0.01662355 0.         0.00096466
 0.00109616 0.00356662 0.01202244 0.00598914 0.00257493 0.00181554
 0.00891384 0.01209396 0.         0.01568508 0.02237013 0.
 0.00256313 0.01590625 0.00051826 0.         0.01300877 0.00396934]
--------------------------------------------------------------------------------------
Solution ID:  40
Fitness:[0.02375623 0.91307359]
Position:[0.02375623 0.00817507 0.01144368 0.0111499  0.00185994 0.02708872
 0.01702266 0.         0.00706492 0.00631493 0.         0.00455885
 0.         0.00075141 0.00678326 0.00275858 0.01203325 0.00839094
 0.02000336 0.01039559 0.010828   0.01987398 0.02677685 0.04099588
 0.         0.01449016 0.00260986 0.00672717 0.00565576 0.00666409]
--------------------------------------------------------------------------------------
Solution ID:  41
Fitness:[0.02149293 0.91492885]
Position:[0.02149293 0.01391134 0.01846732 0.01975642 0.01107822 0.02794247
 0.         0.00111182 0.01027164 0.         0.01122266 0.00594028
 0.         0.00175642 0.01604099 0.01568175 0.02351797 0.00522175
 0.0181457  0.00182968 0.02326909 0.         0.00423208 0.
 0.00540199 0.01193824 0.00026436 0.00335866 0.         0.00991115]
--------------------------------------------------------------------------------------
Solution ID:  42
Fitness:[0.02475647 0.90486656]
Position:[0.02475647 0.00872956 0.01450647 0.01925973 0.00277627 0.01486824
 0.00030834 0.00066445 0.02098944 0.01635062 0.         0.00094431
 0.00855581 0.00123292 0.00730563 0.00342751 0.02207359 0.00474985
 0.0028643  0.00498585 0.01224605 0.01614944 0.01990933 0.02532242
 0.00311191 0.01590035 0.         0.00164946 0.02207703 0.00686892]
--------------------------------------------------------------------------------------
Solution ID:  43
Fitness:[0.02508525 0.89887795]
Position:[0.02508525 0.01057261 0.         0.02118653 0.01619336 0.02551854
 0.         0.01950941 0.0090549  0.02541279 0.         0.00510018
 0.         0.00145302 0.         0.00533326 0.02782893 0.00559793
 0.01354049 0.00732017 0.01977484 0.         0.00663029 0.0131591
 0.00464332 0.0114399  0.00102644 0.00355462 0.         0.008322  ]
--------------------------------------------------------------------------------------
Solution ID:  44
Fitness:[0.02561926 0.86984102]
Position:[2.56192631e-02 3.88238587e-03 1.06576243e-02 6.51399911e-03
 2.47989866e-02 1.64779602e-02 1.45955276e-03 4.69434824e-03
 1.60770912e-02 8.21991634e-03 2.23173878e-03 2.66031170e-03
 0.00000000e+00 2.83587543e-03 3.03713687e-03 3.27467369e-03
 2.79487343e-03 1.86158511e-03 0.00000000e+00 7.98435821e-03
 1.41275148e-02 0.00000000e+00 1.21213074e-02 0.00000000e+00
 4.21908379e-05 1.45834969e-02 1.86586042e-03 1.41748334e-05
 0.00000000e+00 6.99716394e-03]
--------------------------------------------------------------------------------------
Solution ID:  45
Fitness:[0.00160907 1.01425788]
Position:[0.00160907 0.00597032 0.         0.00724067 0.01239391 0.01359165
 0.00538502 0.00208256 0.01599717 0.00996321 0.00448644 0.00089866
 0.00642215 0.00389456 0.00973702 0.00285477 0.         0.00210017
 0.0053836  0.01104471 0.00332065 0.02212389 0.01567336 0.
 0.00074521 0.01635841 0.00047084 0.00086047 0.         0.        ]
--------------------------------------------------------------------------------------
Solution ID:  46
Fitness:[0.01651005 0.92126002]
Position:[0.01651005 0.00642645 0.0064013  0.00684789 0.00470915 0.01113012
 0.01030795 0.00145844 0.01782126 0.0011779  0.00656316 0.00044237
 0.01229307 0.00453388 0.01401485 0.00638466 0.00622792 0.00089595
 0.0018701  0.01088136 0.00663838 0.00355285 0.00998827 0.01545566
 0.0023507  0.01209664 0.00079741 0.00263039 0.01399294 0.00140343]
--------------------------------------------------------------------------------------
Solution ID:  47
Fitness:[0.03108834 0.8428248 ]
Position:[0.03108834 0.00306865 0.         0.0056987  0.         0.01072427
 0.01169153 0.00019365 0.01728076 0.         0.00354988 0.00043323
 0.00614161 0.00435973 0.01692163 0.00403006 0.00471969 0.
 0.         0.01270539 0.00551328 0.00446872 0.01373179 0.0148718
 0.         0.0143469  0.00101675 0.0021036  0.         0.0009264 ]
--------------------------------------------------------------------------------------
Solution ID:  48
Fitness:[0.01056839 0.95399686]
Position:[1.05683886e-02 4.30920636e-03 0.00000000e+00 5.59110148e-03
 5.73663636e-03 1.80227858e-02 1.11443194e-02 0.00000000e+00
 2.34910794e-02 7.60189716e-03 4.96531092e-03 3.08935123e-03
 8.10443806e-03 3.52905746e-03 1.54724769e-02 4.84378664e-03
 1.41376445e-02 4.33232777e-05 0.00000000e+00 1.00312605e-02
 7.49272347e-03 0.00000000e+00 1.83528708e-02 1.11608657e-02
 3.72740088e-05 1.23533929e-02 1.23022327e-03 5.05292558e-03
 4.46969983e-03 4.20517478e-03]
--------------------------------------------------------------------------------------
Solution ID:  49
Fitness:[0.         1.04167322]
Position:[0.         0.00251958 0.         0.00457404 0.02197901 0.01152871
 0.         0.00248755 0.01695351 0.00590407 0.00034886 0.00207823
 0.         0.00327724 0.000718   0.00220481 0.00037341 0.00079966
 0.         0.00890525 0.01272331 0.         0.01328445 0.
 0.         0.01522371 0.00186233 0.         0.         0.00653466]
--------------------------------------------------------------------------------------
Solution ID:  50
Fitness:[8.10253424e-04 1.01711575e+00]
Position:[0.00081025 0.00379714 0.         0.01174542 0.         0.00788935
 0.         0.         0.0154312  0.         0.00436222 0.00066133
 0.00227349 0.00414823 0.01147558 0.00391621 0.00480241 0.00183235
 0.         0.01224701 0.01705737 0.         0.0106654  0.01423141
 0.         0.01508523 0.0018022  0.00413486 0.         0.00147635]
--------------------------------------------------------------------------------------
Solution ID:  51
Fitness:[0.00777612 0.99159621]
Position:[0.00777612 0.00834626 0.01924477 0.00138151 0.0204755  0.0065307
 0.02363394 0.00262619 0.01051015 0.00276753 0.00858566 0.
 0.         0.00415427 0.         0.02079411 0.00915195 0.00200038
 0.00751298 0.00995396 0.01383478 0.01241087 0.01460653 0.02632498
 0.00267441 0.01774491 0.00230027 0.00173692 0.01826078 0.00743724]
--------------------------------------------------------------------------------------
Solution ID:  52
Fitness:[0.03802489 0.82789653]
Position:[0.03802489 0.01196759 0.0030291  0.00727284 0.01654158 0.02310963
 0.01839683 0.00033059 0.01063676 0.01583771 0.00224532 0.00408607
 0.01765357 0.00340496 0.00895987 0.00755605 0.00697277 0.00620564
 0.00280674 0.00838141 0.00484043 0.         0.01091524 0.00015611
 0.00112652 0.01174377 0.00103562 0.00129529 0.         0.00115555]
--------------------------------------------------------------------------------------
Solution ID:  53
Fitness:[0.04396829 0.80015734]
Position:[0.04396829 0.00165816 0.00061028 0.00196271 0.02127987 0.00405401
 0.02364488 0.00144717 0.02270519 0.00314238 0.00102088 0.00084046
 0.00884511 0.00338855 0.01014541 0.00153314 0.00208395 0.00026648
 0.0096999  0.01008069 0.00658421 0.00655075 0.02096155 0.00082373
 0.00065688 0.01564631 0.00056401 0.00021196 0.00313529 0.00700449]
--------------------------------------------------------------------------------------
Solution ID:  54
Fitness:[0.05046578 0.79081559]
Position:[0.05046578 0.00960759 0.02422812 0.00873675 0.02330227 0.01667664
 0.00528921 0.0061053  0.01639653 0.01272584 0.00599121 0.00238023
 0.00359552 0.00308287 0.0057962  0.00693439 0.00603192 0.00223032
 0.00295136 0.00806769 0.01340442 0.00710113 0.01266317 0.
 0.00098902 0.01410901 0.00182039 0.00123075 0.01121046 0.0060949 ]
--------------------------------------------------------------------------------------
Solution ID:  55
Fitness:[0.05261072 0.77098708]
Position:[0.05261072 0.00572999 0.00201852 0.00905386 0.00515502 0.01229154
 0.01301742 0.0014309  0.01719753 0.00107375 0.00379655 0.00049728
 0.00650812 0.00474691 0.01529422 0.00508994 0.00682977 0.00087927
 0.00228098 0.01118649 0.00897639 0.0056209  0.01130455 0.01787971
 0.00250901 0.01222164 0.00111378 0.00287204 0.0032245  0.00198106]
--------------------------------------------------------------------------------------
Solution ID:  56
Fitness:[0.06116816 0.76606692]
Position:[0.06116816 0.00600767 0.0506499  0.00927825 0.00548284 0.01246025
 0.01282696 0.00142179 0.01712937 0.00120735 0.00394885 0.00053804
 0.00671217 0.00469176 0.02384188 0.00517346 0.00719451 0.00101901
 0.01078226 0.01092064 0.00901914 0.00594948 0.01144092 0.01753878
 0.00253414 0.01220848 0.00112993 0.00286953 0.00375533 0.00199491]
--------------------------------------------------------------------------------------
Solution ID:  57
Fitness:[0.06207219 0.74841591]
Position:[0.06207219 0.00444061 0.01631918 0.0071785  0.02326339 0.01665762
 0.00397169 0.00608309 0.01591844 0.00833515 0.0037942  0.0025334
 0.00224415 0.00302122 0.00457702 0.00366819 0.00416551 0.00187023
 0.00071908 0.00819285 0.01345103 0.01134414 0.01160884 0.00226665
 0.00050321 0.01398039 0.0018069  0.00048657 0.00413757 0.00627155]
--------------------------------------------------------------------------------------
Solution ID:  58
Fitness:[0.06155949 0.76536163]
Position:[6.15594880e-02 2.83229525e-03 1.29915714e-02 2.84028389e-03
 1.04454842e-02 2.01403719e-02 5.56678838e-03 1.06358035e-03
 4.05594023e-02 1.06567766e-02 3.71549863e-03 2.54189823e-03
 1.36333545e-02 2.57668321e-03 1.53109513e-03 2.57294535e-03
 2.17119337e-02 2.37863705e-03 5.01286034e-03 7.93296451e-03
 6.67308237e-03 2.85901577e-02 1.23129024e-02 2.03050075e-03
 1.48570224e-03 2.66658421e-02 1.62963754e-05 3.62918928e-03
 3.01885201e-03 5.40126391e-03]
--------------------------------------------------------------------------------------
Solution ID:  59
Fitness:[0.06651324 0.73846981]
Position:[0.06651324 0.         0.01243535 0.0003237  0.02284097 0.00260901
 0.01561834 0.         0.02275705 0.00209163 0.         0.00052253
 0.00062506 0.00349204 0.00996704 0.         0.00024179 0.
 0.00939159 0.01175943 0.00474679 0.01091659 0.02568694 0.00642882
 0.00152859 0.01614886 0.00048374 0.00124395 0.00961903 0.00832817]
--------------------------------------------------------------------------------------
Solution ID:  60
Fitness:[0.08033314 0.73762787]
Position:[0.08033314 0.0138321  0.         0.01580006 0.00820321 0.02330719
 0.         0.00086338 0.00989699 0.         0.0108771  0.00545683
 0.01144189 0.0017357  0.01250846 0.01163574 0.01656902 0.00662755
 0.         0.00653936 0.01609875 0.01452512 0.00916694 0.01259769
 0.00628377 0.0136346  0.00072563 0.00260428 0.01475075 0.00729693]
--------------------------------------------------------------------------------------
Solution ID:  61
Fitness:[0.08433978 0.71360758]
Position:[0.08433978 0.0073447  0.         0.00255596 0.01750905 0.01911423
 0.01105272 0.         0.01417973 0.00298248 0.00306914 0.00156951
 0.01061189 0.00257889 0.         0.         0.         0.0026217
 0.         0.00832907 0.00821398 0.01663356 0.01776336 0.00260619
 0.         0.01424252 0.0010721  0.00093542 0.         0.        ]
--------------------------------------------------------------------------------------
Solution ID:  62
Fitness:[0.42770111 0.08836097]
Position:[4.27701107e-01 1.42261392e-02 0.00000000e+00 1.14157359e-02
 3.26451111e-04 1.70396772e-02 7.87818613e-03 0.00000000e+00
 1.32404270e-02 2.45038196e-02 1.29063669e-02 4.65858313e-03
 2.17961878e-03 6.79480975e-04 1.11256365e-02 1.17556711e-02
 2.29861930e-02 6.31851753e-03 1.90530835e-02 3.78223902e-03
 2.16935781e-03 5.17046629e-02 1.60483044e-02 3.77155852e-03
 9.76071482e-03 1.72211470e-02 2.37001504e-04 3.11415646e-03
 3.13325727e-02 8.61450736e-03]
--------------------------------------------------------------------------------------
Solution ID:  63
Fitness:[0.4234841  0.13008995]
Position:[0.4234841  0.0032143  0.01719819 0.01110782 0.         0.02232533
 0.02637123 0.00307744 0.01024085 0.02637026 0.00348504 0.00517317
 0.         0.00179957 0.         0.00647254 0.00974847 0.00692463
 0.         0.0074419  0.01515907 0.01450925 0.01837453 0.01734278
 0.00428036 0.00794685 0.         0.00514929 0.05719484 0.00945738]
--------------------------------------------------------------------------------------
Solution ID:  64
Fitness:[0.42958097 0.08387452]
Position:[4.29580972e-01 4.90731829e-03 4.06518518e-02 1.74061962e-02
 1.15111595e-02 3.51328549e-02 4.69001542e-03 9.98490334e-03
 1.25833604e-02 2.27707695e-02 6.66789107e-03 2.27112363e-03
 1.02522022e-02 1.09917134e-04 0.00000000e+00 4.96236288e-03
 2.05827624e-02 9.40844172e-03 1.52627935e-02 6.44353875e-03
 1.34662730e-02 5.96615273e-03 1.47957986e-03 4.07143054e-02
 4.57405355e-03 1.40400769e-02 1.18691392e-03 3.18569959e-03
 6.99128788e-02 4.44944927e-03]
--------------------------------------------------------------------------------------
Solution ID:  65
Fitness:[0.42904903 0.08536031]
Position:[0.42904903 0.00845151 0.02917793 0.01312693 0.00690854 0.02886679
 0.02270469 0.00422957 0.01146196 0.00959563 0.01116078 0.004948
 0.0232416  0.00159176 0.02035297 0.00846089 0.00569582 0.00738277
 0.01713828 0.00950274 0.01876683 0.02625989 0.01852607 0.02919889
 0.00410223 0.0104565  0.00238221 0.00367339 0.01110798 0.00879511]
--------------------------------------------------------------------------------------
Solution ID:  66
Fitness:[0.43036417 0.05933519]
Position:[0.43036417 0.00944163 0.03838801 0.01181508 0.00924608 0.00500698
 0.01048167 0.00818923 0.01486351 0.00774226 0.01312408 0.00283129
 0.01507408 0.00247466 0.01066496 0.00894789 0.01120779 0.00466155
 0.01719813 0.00793705 0.01167976 0.02170786 0.0137663  0.01470641
 0.00543246 0.01336086 0.00091123 0.00270876 0.01650791 0.00473238]
--------------------------------------------------------------------------------------
Solution ID:  67
Fitness:[0.43353071 0.04936534]
Position:[0.43353071 0.00936617 0.05447675 0.00684157 0.00884462 0.03197214
 0.00806577 0.01890009 0.00604903 0.04401477 0.         0.00361312
 0.01104277 0.00053629 0.         0.         0.00592027 0.00542001
 0.01988457 0.01160161 0.00976426 0.00798354 0.01553425 0.04789565
 0.00178136 0.0129072  0.00231574 0.0009217  0.05148143 0.0034087 ]
--------------------------------------------------------------------------------------
Solution ID:  68
Fitness:[0.43395749 0.02889176]
Position:[4.33957486e-01 5.57730148e-03 1.78173063e-02 1.08729304e-02
 0.00000000e+00 2.17337782e-02 0.00000000e+00 0.00000000e+00
 1.18703598e-02 1.73101514e-02 0.00000000e+00 3.60497116e-03
 1.44580942e-02 1.74483575e-04 0.00000000e+00 1.03791180e-02
 1.66535954e-02 9.14443570e-03 2.79110222e-02 4.14082583e-03
 7.91863365e-03 3.32533246e-02 1.67070073e-02 1.18709199e-02
 6.47356569e-03 8.13428496e-03 1.27155962e-03 4.63416177e-03
 5.52928883e-02 4.07603865e-03]
--------------------------------------------------------------------------------------
Solution ID:  69
Fitness:[0.43392556 0.04193312]
Position:[0.43392556 0.00330349 0.04696462 0.00988951 0.00080421 0.03397192
 0.01970437 0.01069591 0.0157048  0.04548628 0.00630944 0.01123842
 0.02511751 0.00127463 0.00817705 0.01458054 0.02064151 0.00449191
 0.01742231 0.00508574 0.00890999 0.01769099 0.01893035 0.01687731
 0.00272616 0.00497285 0.00155643 0.00543729 0.         0.00322523]
--------------------------------------------------------------------------------------
Solution ID:  70
Fitness:[0.43592543 0.02064767]
Position:[0.43592543 0.         0.03480299 0.00997658 0.04962102 0.01375638
 0.         0.03853157 0.01286886 0.01986359 0.00352766 0.00575312
 0.02333436 0.00256153 0.00121206 0.01120374 0.01802429 0.0049117
 0.03691989 0.01196932 0.01353536 0.00838982 0.00341182 0.01413397
 0.00384163 0.00746166 0.         0.00076439 0.         0.00529525]
--------------------------------------------------------------------------------------
Solution ID:  71
Fitness:[0.43621144 0.01875884]
Position:[0.43621144 0.01568981 0.         0.02012017 0.         0.03172838
 0.         0.         0.00768493 0.02453833 0.00541393 0.0065731
 0.00189914 0.0055975  0.02113359 0.01380137 0.01869109 0.00708587
 0.03587042 0.00520029 0.02225443 0.0365802  0.01974378 0.00110366
 0.00511514 0.00454259 0.00146592 0.00484622 0.03185495 0.00835368]
--------------------------------------------------------------------------------------
Solution ID:  72
Fitness:[0.43757036 0.00472316]
Position:[0.43757036 0.00173421 0.00562249 0.         0.02609562 0.01172376
 0.02897037 0.01440213 0.0319748  0.03010798 0.01015972 0.00750571
 0.         0.00364432 0.00690802 0.01525771 0.00756486 0.00163803
 0.         0.00916643 0.         0.0313817  0.0266377  0.007435
 0.00581005 0.01348658 0.00072639 0.00158907 0.03120222 0.00621176]
--------------------------------------------------------------------------------------
Solution ID:  73
Fitness:[4.38650259e-01 4.75382621e-05]
Position:[0.43865026 0.016829   0.0123792  0.01957286 0.00890561 0.02681799
 0.         0.00628494 0.00616518 0.02678313 0.01350739 0.00303617
 0.01507342 0.00201012 0.01394186 0.01192871 0.00736629 0.00788151
 0.03348104 0.00778046 0.01885878 0.03587539 0.014683   0.00674217
 0.00953468 0.01342671 0.00102229 0.00245596 0.         0.00688886]
--------------------------------------------------------------------------------------
Solution ID:  74
Fitness:[0.43752302 0.00524554]
Position:[4.37523025e-01 1.69014590e-05 2.32733418e-02 1.02303149e-02
 3.28613821e-02 1.97241083e-02 1.48017551e-02 6.63240779e-03
 2.33282401e-02 2.07561599e-02 1.22499193e-02 4.11514084e-03
 9.23452175e-03 1.14012409e-03 1.20990013e-02 3.57845753e-03
 1.11699732e-02 6.08272390e-03 1.44308064e-02 7.25235456e-03
 8.94704589e-03 2.28466565e-02 1.13303925e-02 4.13108156e-03
 5.50456139e-03 2.11636235e-02 3.42419778e-04 3.11330164e-03
 2.62777478e-02 1.22924985e-03]
--------------------------------------------------------------------------------------
Solution ID:  75
Fitness:[0.43338419 0.05224389]
Position:[0.43338419 0.02227549 0.05233073 0.01810638 0.01472082 0.03332976
 0.01549582 0.01003084 0.01515273 0.01118854 0.01268143 0.00509254
 0.01663387 0.00110333 0.02166187 0.01687564 0.01102362 0.00683048
 0.00961339 0.00199034 0.01984258 0.01885743 0.01052836 0.00440227
 0.00635045 0.01307789 0.00085016 0.00595669 0.02287763 0.0093357 ]
--------------------------------------------------------------------------------------
Solution ID:  76
Fitness:[0.43563952 0.02861535]
Position:[0.43563952 0.01858468 0.01496507 0.01703566 0.02241564 0.02397794
 0.01352327 0.0098218  0.00930864 0.02240597 0.01027616 0.00418146
 0.         0.001772   0.00830137 0.01235709 0.0077026  0.00720501
 0.00999526 0.00814212 0.01470482 0.03667483 0.00838517 0.03363359
 0.00633669 0.01531837 0.00195947 0.00251983 0.03544412 0.00586842]
--------------------------------------------------------------------------------------
Solution ID:  77
Fitness:[0.42566733 0.10905177]
Position:[0.42566733 0.0086297  0.01464706 0.00733843 0.01623418 0.0276771
 0.0149385  0.00326351 0.02954776 0.0071186  0.00905151 0.00380523
 0.02968039 0.00231442 0.0098627  0.00546686 0.01033397 0.00567983
 0.00768555 0.00621517 0.0110408  0.01469679 0.00518896 0.03589325
 0.00179275 0.01537983 0.00094396 0.00476909 0.00893147 0.00673221]
--------------------------------------------------------------------------------------
Solution ID:  78
Fitness:[0.42152134 0.13086564]
Position:[4.21521340e-01 0.00000000e+00 1.83086370e-02 8.90261644e-03
 3.18708970e-02 1.26233934e-02 2.04027874e-02 7.21251376e-03
 1.53698322e-02 3.37920266e-04 0.00000000e+00 2.74090195e-03
 0.00000000e+00 3.23707010e-03 7.55668391e-04 0.00000000e+00
 1.32607297e-02 4.72025353e-03 0.00000000e+00 1.18172992e-02
 7.45900760e-03 7.05569494e-03 1.75696827e-02 2.15295599e-04
 1.40389661e-03 1.26776429e-02 1.77632522e-03 3.16159887e-03
 0.00000000e+00 4.93979785e-03]
--------------------------------------------------------------------------------------
Solution ID:  79
Fitness:[0.41779513 0.22335978]
Position:[0.41779513 0.01161829 0.06239505 0.01305939 0.03572614 0.00939026
 0.02167435 0.02586841 0.00844682 0.02444288 0.00669257 0.00212629
 0.01273369 0.00207706 0.00447121 0.01590812 0.01907199 0.00726359
 0.02825016 0.01148729 0.0022848  0.01470059 0.01186839 0.01438501
 0.00735471 0.01008558 0.00175289 0.00143689 0.03923399 0.00258071]
--------------------------------------------------------------------------------------
Solution ID:  80
Fitness:[0.41784831 0.20834591]
Position:[0.41784831 0.00980128 0.02418889 0.01713761 0.00253802 0.02772152
 0.00515564 0.0132036  0.0051924  0.00406284 0.01010986 0.00193315
 0.02115866 0.00100037 0.00876387 0.01434715 0.00971544 0.007617
 0.01233309 0.0090708  0.02277769 0.03073194 0.01810915 0.02022443
 0.00092145 0.00766752 0.00235642 0.00270908 0.04128362 0.01001736]
--------------------------------------------------------------------------------------
Solution ID:  81
Fitness:[0.42069389 0.14899608]
Position:[0.42069389 0.00999142 0.01943705 0.00507507 0.01520502 0.01539198
 0.00731285 0.0020383  0.01410918 0.00611545 0.01238673 0.00293168
 0.0206466  0.00299502 0.00452766 0.00359196 0.00206035 0.00290696
 0.01352546 0.01050299 0.00686682 0.01347146 0.0160704  0.01401822
 0.00090657 0.01368459 0.00089518 0.00312083 0.00336337 0.00379671]
--------------------------------------------------------------------------------------
Solution ID:  82
Fitness:[0.41926113 0.17523751]
Position:[0.41926113 0.006462   0.01249813 0.0087581  0.01091134 0.01781175
 0.00791185 0.00444972 0.01292124 0.01042078 0.01112965 0.00393028
 0.01118072 0.00213101 0.00809978 0.00717451 0.00260966 0.00543192
 0.01952788 0.00989944 0.01286748 0.02128678 0.01814839 0.02449294
 0.00624555 0.0152418  0.00188113 0.00267229 0.00675859 0.00596714]
--------------------------------------------------------------------------------------
Solution ID:  83
Fitness:[ 0.43888365 -0.02580951]
Position:[4.38883646e-01 0.00000000e+00 1.26805025e-02 1.48994657e-02
 2.09357129e-02 3.28583280e-02 5.31151612e-03 9.47553932e-04
 1.05078506e-02 3.43585370e-04 2.52768659e-03 2.29764436e-03
 3.07168002e-03 2.34859814e-03 0.00000000e+00 1.01973729e-03
 1.72183194e-02 3.98627566e-03 1.51482655e-02 6.83064361e-03
 2.20878222e-02 0.00000000e+00 1.29819763e-02 1.59292284e-02
 1.83535854e-03 1.37849192e-02 1.69295576e-03 4.21892532e-03
 0.00000000e+00 8.90103139e-03]
--------------------------------------------------------------------------------------
Solution ID:  84
Fitness:[0.41492523 0.2445289 ]
Position:[4.14925235e-01 8.71536197e-03 4.45699572e-04 1.08787733e-02
 2.00786582e-02 4.48793920e-02 0.00000000e+00 9.83946948e-03
 4.60094982e-02 2.63368079e-02 6.54156506e-03 8.98662193e-03
 4.06305830e-02 1.37845617e-03 2.86708945e-03 9.48818597e-03
 3.10841563e-02 5.25170226e-03 0.00000000e+00 3.17162507e-03
 7.19949088e-03 8.74210472e-03 5.66464635e-03 0.00000000e+00
 1.28252662e-03 1.73355626e-02 2.21482651e-05 6.15672304e-03
 2.73018583e-02 7.32526414e-03]
--------------------------------------------------------------------------------------
Solution ID:  85
Fitness:[0.41320018 0.2494472 ]
Position:[4.13200177e-01 2.83838561e-03 0.00000000e+00 1.32051544e-02
 2.15990829e-04 2.07045846e-02 4.81366420e-03 3.78332137e-03
 2.32805864e-02 9.99590757e-03 5.28088928e-03 3.05620461e-03
 8.27632223e-04 2.72584617e-03 8.44443404e-03 9.34878784e-03
 5.56915886e-03 7.00473426e-03 2.57697520e-02 9.39884596e-03
 1.42938262e-02 2.83093321e-02 1.87455798e-02 3.27781419e-02
 2.69063555e-03 1.29025444e-02 1.74365683e-03 1.48410748e-03
 0.00000000e+00 7.00230866e-03]
--------------------------------------------------------------------------------------
Solution ID:  86
Fitness:[0.41549494 0.23512725]
Position:[0.41549494 0.00761944 0.01842358 0.0126891  0.01963322 0.03004681
 0.03999224 0.00363946 0.02281161 0.00611496 0.00741137 0.00412845
 0.01174014 0.00260688 0.01476539 0.00431639 0.02202037 0.00523832
 0.01487829 0.00742585 0.0145648  0.00454869 0.01185525 0.01559385
 0.00293989 0.01366094 0.0018895  0.00451077 0.01516843 0.00774674]
--------------------------------------------------------------------------------------
Solution ID:  87
Fitness:[0.41634676 0.22784178]
Position:[0.41634676 0.01479674 0.03045078 0.01399633 0.01985416 0.02488959
 0.01402258 0.00651637 0.0047382  0.01104275 0.01241695 0.00395069
 0.016001   0.00142367 0.00189271 0.01116509 0.01184007 0.00685691
 0.01459354 0.00563841 0.01159124 0.01838218 0.01396156 0.01384548
 0.00651599 0.01263409 0.00116947 0.00319134 0.04803308 0.00921707]
--------------------------------------------------------------------------------------
Solution ID:  88
Fitness:[0.41501906 0.2380603 ]
Position:[0.41501906 0.0072112  0.02990406 0.00449749 0.02506905 0.03073646
 0.00964263 0.00436053 0.03461678 0.01539767 0.00957948 0.00466896
 0.02447162 0.00293999 0.00338481 0.00183171 0.0151708  0.00898886
 0.00506908 0.00671075 0.00689218 0.02097926 0.00926224 0.02083296
 0.00138475 0.01290211 0.00200089 0.00419674 0.0047658  0.00572371]
--------------------------------------------------------------------------------------
Solution ID:  89
Fitness:[ 0.44322348 -0.04900233]
Position:[4.43223476e-01 7.07042986e-03 3.54833742e-02 2.24346975e-03
 3.60495429e-02 1.84424615e-03 1.93243853e-02 2.53835297e-03
 1.01109141e-02 1.28400858e-04 0.00000000e+00 1.85872440e-03
 1.26965831e-02 2.44736732e-03 0.00000000e+00 7.84268042e-03
 3.36241725e-04 9.63186090e-04 0.00000000e+00 1.03058218e-02
 1.54717995e-02 0.00000000e+00 2.61966175e-02 2.24677860e-02
 0.00000000e+00 1.19295803e-02 3.12254125e-03 0.00000000e+00
 0.00000000e+00 8.76486707e-03]
--------------------------------------------------------------------------------------
Solution ID:  90
Fitness:[ 0.44773092 -0.06223639]
Position:[4.47730918e-01 6.87190888e-03 6.44240175e-03 1.88178713e-02
 1.77688858e-02 3.33080642e-02 7.87976131e-03 1.99215563e-04
 1.05288560e-02 4.50645708e-04 7.94515712e-03 2.07078079e-03
 1.06881464e-03 2.34517111e-03 0.00000000e+00 2.59172020e-03
 2.12175488e-02 6.02390407e-03 2.02799736e-02 6.71683834e-03
 2.06921787e-02 0.00000000e+00 1.15473571e-02 1.85047194e-02
 3.46109991e-03 1.29161181e-02 1.86991354e-03 5.66036406e-03
 3.17395017e-04 9.01974779e-03]
--------------------------------------------------------------------------------------
Solution ID:  91
Fitness:[ 0.45449648 -0.06496216]
Position:[0.45449648 0.00715099 0.01412933 0.01461896 0.01729394 0.03133934
 0.00804514 0.00402433 0.01488906 0.00433064 0.00808835 0.00307991
 0.01093632 0.00223833 0.00494033 0.00393983 0.0172886  0.00539557
 0.01593501 0.00685883 0.01744703 0.00489961 0.01165659 0.0134313
 0.00343019 0.01337452 0.00170688 0.00560496 0.00966742 0.00880708]
--------------------------------------------------------------------------------------
Solution ID:  92
Fitness:[ 0.45234614 -0.06342413]
Position:[0.45234614 0.00765784 0.01326369 0.02251679 0.01050809 0.03790553
 0.         0.         0.01379069 0.00802645 0.01063703 0.00243227
 0.01109397 0.00323377 0.         0.0012895  0.02301277 0.0042969
 0.01484842 0.00619444 0.0237016  0.01131695 0.00355335 0.00894963
 0.00172684 0.01532672 0.00180912 0.00621677 0.01653729 0.00955584]
--------------------------------------------------------------------------------------
Solution ID:  93
Fitness:[ 0.45603533 -0.07205668]
Position:[0.45603533 0.00676087 0.00640169 0.01916611 0.01717008 0.03352966
 0.         0.         0.01083526 0.         0.00819497 0.00173874
 0.         0.00231001 0.         0.00286941 0.02115444 0.00601637
 0.0204595  0.00671441 0.02084486 0.         0.01100368 0.0179823
 0.00344487 0.01326086 0.00174912 0.00564202 0.         0.00907965]
--------------------------------------------------------------------------------------
Solution ID:  94
Fitness:[0.41254516 0.2649136 ]
Position:[0.41254516 0.00566488 0.0126218  0.00981497 0.02141987 0.03538357
 0.00970915 0.00607307 0.02950468 0.01303585 0.00814205 0.00546615
 0.02313375 0.00213996 0.00406775 0.00672689 0.02043076 0.00459286
 0.01316863 0.00619948 0.00972754 0.00358417 0.00876624 0.00646803
 0.00150804 0.0155661  0.00248564 0.00469476 0.01092356 0.00714669]
--------------------------------------------------------------------------------------
Solution ID:  95
Fitness:[0.4116857  0.27698406]
Position:[0.4116857  0.00968963 0.01847769 0.01438907 0.02215812 0.027437
 0.00685932 0.00324745 0.01328371 0.0106044  0.00966643 0.00177464
 0.00994188 0.00249975 0.00529687 0.00593536 0.01852885 0.00574558
 0.01776129 0.00757159 0.01390773 0.01265834 0.01037059 0.01327426
 0.00574691 0.0144643  0.00074029 0.00401787 0.01997099 0.00549044]
--------------------------------------------------------------------------------------
Solution ID:  96
Fitness:[ 0.62114476 -0.09772581]
Position:[0.62114476 0.01860693 0.         0.02494466 0.03200791 0.03661874
 0.08026763 0.00150675 0.01632022 0.         0.01251487 0.00400658
 0.01055735 0.00223742 0.02359443 0.01666017 0.01863646 0.00631216
 0.00342917 0.         0.02875375 0.         0.00539163 0.01709793
 0.         0.00977006 0.00127962 0.00542184 0.         0.00704345]
--------------------------------------------------------------------------------------
Solution ID:  97
Fitness:[ 0.62141416 -0.10144525]
Position:[0.62141416 0.         0.         0.00665324 0.00443184 0.02886256
 0.         0.00763702 0.00719069 0.00556472 0.00441395 0.0009561
 0.01440831 0.00188916 0.         0.         0.00367097 0.00825622
 0.         0.01765818 0.01486177 0.03906974 0.03282839 0.06311658
 0.0064108  0.01313269 0.00303943 0.00081784 0.09328106 0.00870351]
--------------------------------------------------------------------------------------
Solution ID:  98
Fitness:[ 0.62252996 -0.11169201]
Position:[0.62252996 0.00232554 0.02731032 0.00768378 0.00652489 0.03098266
 0.0570709  0.00642293 0.00265359 0.01725846 0.00507456 0.00213763
 0.03807816 0.00195233 0.01300114 0.01058145 0.0039803  0.00635748
 0.03809928 0.00667923 0.0137685  0.02335068 0.01767257 0.02573557
 0.00462488 0.00856561 0.00172934 0.0033135  0.03866656 0.00639774]
--------------------------------------------------------------------------------------
Solution ID:  99
Fitness:[ 0.62190101 -0.10717807]
Position:[0.62190101 0.00734005 0.         0.01378592 0.0195223  0.00529037
 0.         0.02529908 0.02425515 0.05162453 0.01291457 0.00374986
 0.01025181 0.00163996 0.01467653 0.         0.02622388 0.00675115
 0.01883672 0.00450902 0.00625164 0.03192432 0.00318267 0.00681074
 0.01151836 0.01128386 0.         0.00302364 0.07794852 0.        ]
--------------------------------------------------------------------------------------
Solution ID:  100
Fitness:[ 0.62028342 -0.08452165]
Position:[0.62028342 0.01379618 0.         0.02117531 0.0097566  0.02464214
 0.01965754 0.01229368 0.01729444 0.02892903 0.00419414 0.00523634
 0.01463073 0.00117532 0.00984284 0.00833712 0.02213906 0.00741421
 0.0091947  0.00100678 0.01652981 0.02833694 0.02538881 0.0190865
 0.00587674 0.01073554 0.0012338  0.00331085 0.02847143 0.00682829]
--------------------------------------------------------------------------------------
Solution ID:  101
Fitness:[ 0.62379178 -0.11988802]
Position:[0.62379178 0.00694363 0.09837486 0.0077941  0.07077919 0.03629502
 0.03603349 0.02235014 0.         0.02829043 0.00817115 0.00529599
 0.         0.00256761 0.0162174  0.00891854 0.00443399 0.0030479
 0.01821271 0.01584484 0.00277193 0.01778334 0.01091762 0.0437905
 0.00352734 0.01596194 0.00311072 0.         0.         0.00158243]
--------------------------------------------------------------------------------------
Solution ID:  102
Fitness:[ 0.62513434 -0.13487043]
Position:[0.62513434 0.00739548 0.07726441 0.00793079 0.03766873 0.0127543
 0.01460599 0.03483026 0.01049911 0.02073697 0.01614968 0.00380151
 0.04017042 0.00304102 0.00709696 0.01539976 0.0156062  0.00589476
 0.06317729 0.01345977 0.00635233 0.00950387 0.00385637 0.01362652
 0.00844387 0.01018931 0.00077973 0.00086947 0.05272251 0.00472482]
--------------------------------------------------------------------------------------
Solution ID:  103
Fitness:[ 0.62544225 -0.15666954]
Position:[0.62544225 0.00285749 0.03028541 0.00900401 0.00609957 0.02580883
 0.03142748 0.         0.01935854 0.01004003 0.00508283 0.00355307
 0.03097302 0.00084289 0.01273335 0.01036493 0.01573165 0.0059031
 0.03437872 0.00896498 0.01157173 0.00904092 0.01223127 0.02348361
 0.00188439 0.01264357 0.00084916 0.00290852 0.08815961 0.00486357]
--------------------------------------------------------------------------------------
Solution ID:  104
Fitness:[ 0.62499726 -0.12884428]
Position:[0.62499726 0.02424961 0.         0.02602439 0.03284096 0.04588866
 0.09008471 0.00273603 0.02091065 0.00942909 0.00905444 0.00727404
 0.02694965 0.00415973 0.02811983 0.01946462 0.00777821 0.00754578
 0.00684228 0.00615364 0.0339308  0.04012098 0.016564   0.02414977
 0.00414066 0.01344896 0.0027737  0.00625977 0.01364714 0.00802699]
--------------------------------------------------------------------------------------
Solution ID:  105
Fitness:[ 0.62081464 -0.09514405]
Position:[6.20814645e-01 4.59599736e-05 1.27960663e-02 2.29690427e-03
 4.32146615e-03 1.48126100e-02 0.00000000e+00 0.00000000e+00
 1.09924976e-02 6.92932813e-04 1.14047028e-02 3.39256411e-03
 3.28521370e-02 1.80262411e-03 9.86912360e-04 1.82597494e-02
 1.06385114e-02 5.60256025e-03 2.65200517e-02 9.83849573e-03
 0.00000000e+00 2.61475794e-02 1.82241383e-02 3.74716222e-02
 2.56312906e-03 2.87037441e-02 6.39403498e-03 3.25616219e-03
 7.20888712e-02 5.80377640e-03]
--------------------------------------------------------------------------------------
Solution ID:  106
Fitness:[ 0.62674958 -0.16833643]
Position:[0.62674958 0.01082638 0.04428152 0.01334283 0.02207875 0.03319819
 0.01326394 0.01798668 0.01170316 0.01728836 0.00935401 0.00847779
 0.03468037 0.0009878  0.01442916 0.00555565 0.01210834 0.00721777
 0.01052889 0.00683963 0.02223352 0.02168935 0.01610008 0.02731619
 0.00570561 0.01142954 0.00248198 0.00762058 0.05132234 0.01049523]
--------------------------------------------------------------------------------------
Solution ID:  107
Fitness:[ 0.62716609 -0.19574281]
Position:[0.62716609 0.00114781 0.05884276 0.00917172 0.05047509 0.02011543
 0.02873356 0.01251108 0.00835266 0.00241248 0.00113152 0.00577892
 0.         0.00373    0.00385725 0.00110514 0.01109372 0.00760939
 0.00755473 0.01537726 0.01028729 0.01346435 0.01964389 0.02895216
 0.00114279 0.01109393 0.00275997 0.00362699 0.01672025 0.00403737]
--------------------------------------------------------------------------------------
Solution ID:  108
Fitness:[ 0.62811768 -0.20394949]
Position:[0.62811768 0.0159325  0.02887137 0.01515277 0.         0.03441018
 0.04005534 0.         0.0064997  0.         0.01645088 0.00357885
 0.02269431 0.00063953 0.02290431 0.01022964 0.01420801 0.00852228
 0.01068962 0.00661899 0.01815089 0.01736236 0.00624781 0.00858288
 0.00839347 0.01169972 0.0010941  0.00455673 0.04593252 0.0084478 ]
--------------------------------------------------------------------------------------
Solution ID:  109
Fitness:[ 0.62923506 -0.20517278]
Position:[0.62923506 0.01872733 0.03778574 0.01801656 0.01425423 0.04142666
 0.02825565 0.01062004 0.02000181 0.00727191 0.01603317 0.00404332
 0.02595829 0.00076463 0.02681394 0.01429822 0.01136512 0.00689201
 0.01726057 0.00264916 0.02421422 0.02578221 0.01280953 0.01126532
 0.00564039 0.01471765 0.00107295 0.00683974 0.02574976 0.00984155]
--------------------------------------------------------------------------------------
Solution ID:  110
Fitness:[ 0.63044291 -0.24679881]
Position:[0.63044291 0.00113007 0.03568003 0.00766418 0.02923737 0.01037225
 0.02221772 0.00731168 0.028917   0.01106809 0.01046043 0.00440811
 0.04796312 0.0045812  0.01228974 0.00379894 0.00830886 0.00083064
 0.0038827  0.01023034 0.00489017 0.01433888 0.         0.00179212
 0.0038764  0.01962079 0.         0.004833   0.01824982 0.        ]
--------------------------------------------------------------------------------------
Solution ID:  111
Fitness:[ 0.62706093 -0.18730209]
Position:[0.62706093 0.01176928 0.05088681 0.01441311 0.01204237 0.03659843
 0.01145423 0.00439056 0.01353958 0.00734335 0.01578342 0.00436712
 0.02611721 0.00113212 0.01909596 0.00953523 0.00795473 0.00797695
 0.01787028 0.00626826 0.01994393 0.02632643 0.0058434  0.0188658
 0.00694441 0.01335625 0.00140376 0.0055327  0.01160548 0.00805501]
--------------------------------------------------------------------------------------
Solution ID:  112
Fitness:[ 0.63234108 -0.27040718]
Position:[0.63234108 0.00886924 0.01659862 0.         0.02700287 0.
 0.0016228  0.00727723 0.02779491 0.01849933 0.00293353 0.00190627
 0.         0.00359936 0.         0.         0.01545626 0.00605107
 0.01961402 0.0145293  0.         0.04027984 0.04331953 0.00979314
 0.00708517 0.01387796 0.00548049 0.00636878 0.03000828 0.        ]
--------------------------------------------------------------------------------------
Solution ID:  113
Fitness:[ 0.63425735 -0.28090535]
Position:[6.34257350e-01 3.19146558e-03 2.09094916e-02 5.90703568e-03
 6.52442780e-03 2.88768998e-02 0.00000000e+00 2.05435040e-03
 4.23672184e-03 2.25548353e-03 6.12968285e-03 2.85379238e-03
 2.17498673e-02 1.64897173e-03 3.58088199e-04 0.00000000e+00
 5.73237270e-03 8.37499749e-03 2.63572570e-02 1.18954394e-02
 7.94052886e-03 3.55914620e-02 2.48230576e-02 4.54007173e-02
 5.16120438e-03 1.12470260e-02 1.94947553e-03 2.08298176e-03
 8.99331964e-02 4.43246598e-03]
--------------------------------------------------------------------------------------
Solution ID:  114
Fitness:[ 0.63677917 -0.29178142]
Position:[6.36779173e-01 9.99733703e-03 1.51714089e-01 1.38995226e-02
 7.37671548e-02 1.90086616e-02 1.17361868e-02 1.83613525e-02
 1.10057246e-02 0.00000000e+00 4.08208260e-04 6.49935613e-03
 1.65564582e-02 4.96900902e-03 9.47008654e-03 6.82930247e-03
 1.09848899e-03 4.73771613e-03 1.35103002e-02 1.32382774e-02
 1.85321144e-02 0.00000000e+00 1.53910789e-02 2.14392000e-02
 2.01828752e-03 1.12929290e-02 2.34246213e-03 2.01235878e-03
 0.00000000e+00 6.03900137e-03]
--------------------------------------------------------------------------------------
Solution ID:  115
Fitness:[ 0.63859298 -0.29663709]
Position:[6.38592975e-01 7.70920435e-04 2.17636923e-02 4.87723986e-03
 8.50133575e-03 2.61112060e-02 3.14748700e-02 4.95853486e-03
 4.64502135e-03 7.39798301e-03 1.63134437e-02 5.47578475e-04
 5.45756534e-02 1.58655674e-03 1.27001949e-02 4.17029087e-03
 5.80288694e-03 8.77370015e-03 2.14951726e-02 1.41070122e-02
 1.13921837e-03 5.70706746e-02 1.83496439e-02 4.47606803e-02
 8.82626680e-03 1.28522220e-02 1.05560565e-03 1.87993720e-04
 1.30756097e-01 5.64797449e-04]
--------------------------------------------------------------------------------------
Solution ID:  116
Fitness:[ 0.64317509 -0.35248732]
Position:[6.43175087e-01 1.37900684e-02 3.23363718e-02 2.54654641e-02
 2.69934574e-02 5.30451183e-02 3.25951204e-02 5.32933804e-04
 7.64199085e-03 7.52379291e-03 1.49317578e-02 4.31529572e-03
 2.87380484e-02 3.14456368e-03 1.76130700e-02 8.87769590e-03
 9.73305833e-03 1.24047101e-03 5.66727676e-03 6.64875874e-03
 3.10380588e-02 1.84034833e-02 0.00000000e+00 1.93185146e-02
 7.33020098e-03 1.06977351e-02 8.97968497e-04 7.34060560e-03
 1.41281690e-02 1.02667526e-03]
--------------------------------------------------------------------------------------
Solution ID:  117
Fitness:[ 0.6434903  -0.37649328]
Position:[0.6434903  0.01509661 0.01207946 0.00520039 0.         0.00186649
 0.00315818 0.         0.02344221 0.01346268 0.00702048 0.003881
 0.01105974 0.00332362 0.0029886  0.00259362 0.01744804 0.00859561
 0.01479253 0.01197912 0.00398881 0.04015986 0.         0.01779536
 0.0085092  0.01351915 0.         0.00758326 0.04498063 0.00115732]
--------------------------------------------------------------------------------------
Solution ID:  118
Fitness:[ 0.63959593 -0.35159652]
Position:[6.39595934e-01 9.67216038e-03 1.21307655e-02 1.28843536e-02
 2.87983338e-02 1.00148142e-02 1.70760954e-02 3.29789392e-03
 2.14371479e-02 1.07401784e-03 1.16686974e-02 3.16383446e-03
 1.30271728e-02 2.55193360e-03 3.66806823e-03 1.32752269e-03
 1.38033913e-02 4.09879183e-03 5.48898067e-04 1.06317135e-02
 8.03268889e-03 5.08094425e-03 1.80675348e-02 1.21029291e-02
 2.72431150e-03 1.38993605e-02 1.63740225e-03 3.90305617e-03
 3.52723952e-02 3.69369512e-03]
--------------------------------------------------------------------------------------
Solution ID:  119
Fitness:[ 0.63487229 -0.28235639]
Position:[6.34872292e-01 1.36241613e-02 3.28023956e-02 1.77938238e-02
 1.04806621e-02 3.61221813e-02 1.18352142e-02 0.00000000e+00
 1.53895735e-02 0.00000000e+00 1.60549676e-02 5.58064785e-03
 2.92769601e-02 3.39600141e-04 1.35503987e-02 1.07573000e-02
 2.22160669e-02 9.46545688e-03 6.63951854e-03 3.92202078e-03
 2.34915749e-02 2.45767305e-02 3.48038493e-03 4.96395617e-03
 6.94048385e-03 1.50507514e-02 9.54360162e-04 5.25592399e-03
 6.35956026e-02 1.03781014e-02]
--------------------------------------------------------------------------------------
Solution ID:  120
Fitness:[ 0.64903514 -0.38745956]
Position:[6.49035141e-01 1.21528443e-02 5.13278629e-03 2.13019115e-02
 4.50549419e-03 2.73610303e-02 2.93959070e-02 1.23106776e-02
 1.56646192e-02 2.58178512e-02 7.45365241e-03 5.06494779e-03
 0.00000000e+00 6.41547607e-04 1.53540851e-02 2.63604505e-03
 1.76154764e-02 8.87331170e-03 1.03050304e-02 2.41476570e-03
 2.28238503e-02 2.37068209e-02 2.06909618e-02 1.56241862e-02
 6.69300179e-03 1.15756703e-02 1.66543861e-03 5.53157469e-03
 1.64977878e-02 5.93744474e-03]
--------------------------------------------------------------------------------------
Solution ID:  121
Fitness:[ 0.64807348 -0.38381677]
Position:[0.64807348 0.01143746 0.01271924 0.01948508 0.00913018 0.02457238
 0.02653734 0.01072671 0.02217513 0.02068056 0.00826889 0.00482065
 0.00290819 0.00099046 0.01302525 0.00238577 0.01669368 0.0081412
 0.00974109 0.00439231 0.01994987 0.02119664 0.02089134 0.01774642
 0.00594741 0.01168153 0.00173657 0.00526115 0.02194469 0.00562717]
--------------------------------------------------------------------------------------
Solution ID:  122
Fitness:[ 0.64768313 -0.38105525]
Position:[6.47683133e-01 1.42353719e-02 8.57332740e-03 2.07814396e-02
 7.80643436e-03 2.78990837e-02 3.10685752e-02 8.73932029e-03
 1.76348988e-02 1.76457639e-02 9.37353495e-03 5.64886430e-03
 1.06942087e-02 5.71683893e-04 1.63007018e-02 5.77456820e-03
 1.58823355e-02 6.62826261e-03 1.63913679e-02 4.50553510e-03
 2.23635282e-02 1.24830213e-02 1.83956906e-02 2.70936507e-02
 6.61290300e-03 1.16149723e-02 9.81418535e-04 6.95547165e-03
 8.07338231e-03 8.35217868e-03]
--------------------------------------------------------------------------------------
Solution ID:  123
Fitness:[ 0.6501625 -0.4067787]
Position:[6.50162503e-01 4.66435918e-03 7.63483841e-03 1.63791083e-02
 1.81321151e-02 1.65682187e-02 0.00000000e+00 3.54128367e-04
 1.58562900e-02 2.94629568e-03 1.25950331e-02 1.43655479e-03
 5.03646177e-03 2.39521546e-03 2.56244736e-03 1.81449153e-03
 1.70103936e-02 4.86127495e-03 1.68311760e-02 1.02061274e-02
 1.79663247e-02 1.21380385e-03 1.57369512e-02 1.62169252e-02
 4.02455696e-03 1.26383829e-02 2.11039431e-03 5.13108285e-03
 2.52256203e-02 7.25234729e-03]
--------------------------------------------------------------------------------------
Solution ID:  124
Fitness:[ 0.82592089 -0.41355968]
Position:[8.25920891e-01 1.24457894e-02 6.33386135e-02 1.67536743e-02
 1.33226841e-02 4.43794893e-02 1.49493440e-02 2.03795111e-02
 1.26281724e-02 2.59753591e-02 1.02290733e-02 8.46263055e-03
 4.47364007e-02 1.95928780e-04 1.90483927e-02 7.62680672e-03
 1.12520057e-02 7.79778945e-03 1.24435062e-02 3.18519118e-03
 2.58114280e-02 2.12822798e-02 8.93515525e-03 1.73056386e-02
 6.98852610e-03 1.16340380e-02 2.20796827e-03 8.83680349e-03
 8.38575517e-02 1.24531240e-02]
--------------------------------------------------------------------------------------
Solution ID:  125
Fitness:[ 0.82794672 -0.50438872]
Position:[0.82794672 0.01040692 0.02524493 0.01251648 0.01526167 0.01722158
 0.         0.00379217 0.00289809 0.00623339 0.01391404 0.00413614
 0.03613705 0.00175229 0.00117909 0.0059265  0.00564026 0.00526931
 0.00098829 0.00537517 0.02155575 0.         0.0135768  0.01121917
 0.00610596 0.00840025 0.00163571 0.00540785 0.         0.006138  ]
--------------------------------------------------------------------------------------
Solution ID:  126
Fitness:[ 0.83272442 -0.53057637]
Position:[0.83272442 0.00368677 0.0553939  0.00384856 0.01152861 0.03344286
 0.10233686 0.016703   0.00324542 0.03082851 0.00437486 0.00206168
 0.08671376 0.00163156 0.02469628 0.02327637 0.00534385 0.00347251
 0.05951344 0.         0.01348879 0.02479193 0.01195612 0.00534504
 0.00325604 0.00555786 0.00144167 0.00473688 0.         0.00258492]
--------------------------------------------------------------------------------------
Solution ID:  127
Fitness:[ 0.83352984 -0.53371591]
Position:[8.33529839e-01 1.60519688e-02 6.70721752e-02 7.46275914e-03
 6.43043296e-03 2.81619069e-02 7.93582730e-02 4.93909375e-03
 3.33871730e-03 9.20601431e-03 2.23978164e-02 3.33219010e-04
 5.76637729e-02 2.83557006e-03 5.77589152e-03 7.77324772e-03
 9.22892819e-03 7.57523058e-03 2.63780523e-02 1.50523239e-02
 1.92100009e-03 2.43607166e-02 1.46512044e-02 3.74649379e-02
 6.67209188e-03 1.40851573e-02 3.02916537e-03 3.07519461e-03
 1.08521047e-01 2.79046068e-03]
--------------------------------------------------------------------------------------
Solution ID:  128
Fitness:[ 0.83395849 -0.54621925]
Position:[0.83395849 0.         0.12917808 0.00969986 0.10306591 0.03085906
 0.06613275 0.02398842 0.         0.         0.00649238 0.00443298
 0.         0.00568356 0.01503364 0.         0.         0.00473281
 0.         0.02209025 0.0287451  0.         0.01792645 0.06336829
 0.         0.02031754 0.00330239 0.00085478 0.         0.00218837]
--------------------------------------------------------------------------------------
Solution ID:  129
Fitness:[ 0.8349313 -0.5649791]
Position:[0.8349313  0.         0.09858571 0.00451872 0.         0.0346263
 0.08260838 0.         0.         0.0159727  0.00960581 0.
 0.09367972 0.         0.01846216 0.02130796 0.         0.00471884
 0.0537136  0.00457663 0.         0.01100338 0.         0.03074519
 0.         0.0107024  0.         0.         0.03339267 0.        ]
--------------------------------------------------------------------------------------
Solution ID:  130
Fitness:[ 0.83976585 -0.61995626]
Position:[0.83976585 0.00535114 0.04630335 0.00815312 0.03103478 0.02590599
 0.02357413 0.02502065 0.01166095 0.0495423  0.00813899 0.00680402
 0.03552051 0.00434898 0.01219634 0.0171144  0.00875911 0.00731303
 0.         0.01039702 0.00380009 0.0618906  0.02475204 0.04081474
 0.01390384 0.01146438 0.00195283 0.00469943 0.02968002 0.00650886]
--------------------------------------------------------------------------------------
Solution ID:  131
Fitness:[ 0.84036451 -0.62198587]
Position:[8.40364506e-01 2.42706533e-02 0.00000000e+00 2.91382996e-03
 4.87303212e-02 3.88166624e-02 1.10615334e-01 1.27030556e-02
 1.57160569e-04 1.53898388e-03 0.00000000e+00 3.87477156e-03
 3.99215592e-02 1.53176540e-03 2.83369734e-02 2.15213939e-02
 6.00862515e-03 1.01751649e-02 0.00000000e+00 4.45236383e-03
 0.00000000e+00 5.91734475e-02 1.00401111e-02 2.74703311e-02
 1.13173382e-02 1.69089772e-02 4.36986200e-04 1.39545330e-04
 7.49881896e-02 1.50016793e-03]
--------------------------------------------------------------------------------------
Solution ID:  132
Fitness:[ 0.84132869 -0.64679292]
Position:[0.84132869 0.00501492 0.0224699  0.00884027 0.00759007 0.02307254
 0.04754181 0.00688474 0.02897844 0.02304696 0.00197321 0.00635414
 0.03172359 0.0010374  0.01605036 0.00998324 0.02107266 0.00553745
 0.05002632 0.0045518  0.0142922  0.01526944 0.01584525 0.01830021
 0.00246218 0.01099064 0.00105886 0.00516563 0.05556723 0.00651931]
--------------------------------------------------------------------------------------
Solution ID:  133
Fitness:[ 0.84156616 -0.67094389]
Position:[8.41566161e-01 1.21817431e-02 1.75375185e-02 2.17775804e-02
 5.69493933e-03 3.55998211e-02 0.00000000e+00 1.15140366e-02
 1.89846833e-02 2.38369684e-02 9.40233512e-03 5.43662441e-03
 1.20046116e-03 4.01616993e-04 1.58993980e-02 7.28248248e-04
 1.97705200e-02 8.50201120e-03 2.39945019e-03 8.80604038e-04
 2.30779060e-02 1.93723462e-02 0.00000000e+00 5.96240528e-03
 8.38696536e-03 1.32122398e-02 9.92233610e-04 7.47212264e-03
 4.52432376e-02 6.20274681e-03]
--------------------------------------------------------------------------------------
Solution ID:  134
Fitness:[ 0.84078899 -0.63596885]
Position:[0.84078899 0.00423021 0.04107916 0.01171901 0.0311508  0.03900949
 0.00817368 0.01340913 0.0235226  0.0346337  0.01707397 0.01172355
 0.03861731 0.0024168  0.01310109 0.0160185  0.03909539 0.0052072
 0.         0.00204298 0.01928605 0.02956612 0.00975237 0.01025922
 0.00660761 0.00704108 0.00217838 0.00670537 0.04867986 0.00890013]
--------------------------------------------------------------------------------------
Solution ID:  135
Fitness:[ 0.8431705  -0.67587691]
Position:[8.43170502e-01 1.39065506e-02 9.61890956e-03 1.46737252e-02
 1.05820588e-02 2.40661185e-02 1.53134699e-02 5.57378085e-03
 1.84597447e-02 1.25666053e-02 2.74092780e-02 4.26299033e-03
 4.38953859e-02 1.50430637e-03 8.73557936e-03 1.03855114e-02
 2.08987234e-02 5.82230714e-03 1.34058931e-02 2.37776411e-03
 1.67201099e-02 1.69397015e-02 6.38501350e-03 0.00000000e+00
 7.39945473e-03 1.02352514e-02 5.64681152e-04 7.77137518e-03
 5.29776233e-02 2.72325852e-03]
--------------------------------------------------------------------------------------
Solution ID:  136
Fitness:[ 0.84950568 -0.6936829 ]
Position:[8.49505676e-01 9.83240470e-03 4.89062039e-02 9.76942365e-03
 2.46808744e-02 2.18623806e-02 3.63183129e-02 1.39306074e-02
 7.25574594e-03 1.75062807e-02 9.38334264e-03 2.35548167e-03
 1.98022454e-02 2.92725055e-03 1.04394340e-02 1.25600950e-02
 5.34266747e-03 7.40035965e-03 7.16423130e-03 1.20103872e-02
 8.08494676e-03 4.55707927e-02 1.20377874e-02 3.71944531e-02
 7.11605177e-03 2.00007690e-02 2.17197166e-03 2.72600548e-03
 3.50405404e-02 6.54431721e-04]
--------------------------------------------------------------------------------------
Solution ID:  137
Fitness:[ 0.83822748 -0.61990645]
Position:[8.38227483e-01 1.27652304e-02 2.72537263e-02 2.06124525e-02
 1.64140229e-02 3.85350796e-02 1.26026077e-02 4.06843044e-03
 1.78957005e-02 7.15262743e-03 1.55538097e-02 3.94384855e-03
 2.00983607e-02 6.99712955e-04 6.13203319e-03 7.00179447e-03
 1.68504319e-02 7.26204837e-03 2.92155069e-02 3.05236706e-03
 2.54137977e-02 1.39174995e-02 2.52843055e-02 4.57702497e-02
 4.14206161e-03 1.57594500e-02 1.18169502e-03 7.23168114e-03
 2.94754533e-02 1.12013388e-02]
--------------------------------------------------------------------------------------
Solution ID:  138
Fitness:[ 0.85288572 -0.6990908 ]
Position:[8.52885721e-01 1.11148767e-02 4.94234422e-02 1.59774191e-02
 1.31744274e-03 4.04730489e-02 1.87022895e-02 0.00000000e+00
 2.02272281e-02 0.00000000e+00 1.70981365e-02 3.99880536e-03
 4.46557481e-02 6.57765056e-04 2.18831052e-02 8.07704418e-03
 1.06471318e-02 7.59899732e-03 1.32044485e-02 3.82101317e-03
 2.23734995e-02 2.76415650e-02 0.00000000e+00 8.56421803e-03
 6.37663523e-03 1.46697342e-02 1.34729021e-03 7.18201510e-03
 4.45885089e-02 8.68682069e-03]
--------------------------------------------------------------------------------------
