0.42735763577518215 0.027769048468188912
0.4254006372969373 0.06279008838555528
0.4206098548090789 0.09775360404737282
0.4197389719809964 0.10821090384296402
0.4259480709538826 0.04634655189160072
0.4320672702702393 -0.018377714041989787
0.4334192317098437 -0.025896436173655578
0.43079411850258625 0.00789803184833645
0.43560378131430094 -0.042928235031203944
0.437051218754381 -0.06248304748476541
0.43660200142659444 -0.0515594365483425
0.4404588435900733 -0.06731140215419128
0.4422685221518307 -0.08917064676581903
0.44290475387247463 -0.09581807813465375
0.425280204391267 0.09290083809321782
0.4162116373841264 0.16062269786406988
0.4157027712435016 0.16185944235078573
0.4156407057434107 0.18826959439177718
0.41709601593192636 0.15350724443370053
0.41272499355279746 0.21415798526922097
0.4112943804498801 0.22487486242619514
0.41144642347454863 0.21801615540076874
0.41330887089065943 0.20813404548514497
0.41786332210584354 0.13125895653461042
0.4434022407068061 -0.09947549259213834
0.44734394799661775 -0.11462526680908502
0.44697881628523256 -0.1114885177148497
0.450165973922256 -0.12076575074241797
0.45276128293348755 -0.12393416199176266
0.628421852298798 -0.265760521034573
0.6320517902377256 -0.2894766058302942
0.6299785810838184 -0.2855748013567355
0.6258577373060437 -0.2096503555921427
0.6237182780426482 -0.18976971256126662
0.6225099126134049 -0.1763320786513583
0.6215161508232014 -0.12882989294980743
0.6220555534818332 -0.12967635076715733
0.6335925099054951 -0.295820062338103
0.6336265731842969 -0.2963485214866486
0.6351111318416465 -0.30178761909086677
0.6354428996438636 -0.33161014915245285
0.6385392004816165 -0.374967765176917
0.6370297976318137 -0.3583782831541919
0.6408797133871598 -0.39773193041672406
0.6407391175095325 -0.39537669325081715
0.6462352097419112 -0.4397414457720887
0.6459024753575099 -0.4143669811597916
0.18769160955157643 0.6444356636820379
0.190434260526201 0.6310740927487646
0.190892503720771 0.6279809827356228
0.18534222208501305 0.6669145704151639
0.18425487606218163 0.6723977673929455
0.1940472152820439 0.6182540248064768
0.1961172437741724 0.6027587974554209
0.19307613105458377 0.622202390892701
0.19703623462193914 0.5808080195430781
0.20150344113431218 0.5618870173116004
0.20249243853682813 0.5533960158914184
0.2037774467211952 0.5491898964464688
0.20356657488244545 0.5524657920995664
0.20503918517852696 0.514862997922166
0.20817699039622967 0.49084396231792443
0.2108355261372546 0.4704396659483067
0.2137987202698014 0.4571549583676035
0.21393228134887818 0.4541019679967126
0.2147344169549419 0.4498470056083708
0.21483273287005697 0.44248647748960745
0.21836885205289258 0.4221065520653849
0.22051016861440778 0.3984631542002936
0.21873758172195665 0.417840815850947
0.20912006069861436 0.489409757493476
0.22263851766154064 0.382924162581642
0.225984336400356 0.3718237172491438
0.22730063859165667 0.35201759276182526
0.2312088571327301 0.34279286142153137
0.23235444073282624 0.3379921818718736
0.2323743417225686 0.32919751333587693
0.22985682452402523 0.3438763051344297
0.2271830707766747 0.3602790993472237
0.23412475463267743 0.3105669337605569
0.2367266817789304 0.3070426835521231
0.24085428955629573 0.279316027313417
0.24329328294229358 0.2745845992184354
0.24952305436479227 0.27154931044149827
0.2507595443585038 0.25051803880057244
0.2622323387139756 0.24480738128546875
0.00334019130014529 0.9590187493694843
0.0045074966112371995 0.932926378597481
0.006212756858404667 0.920084405580379
0.001661574793863363 0.9845916443418578
0.0018777720510555485 0.9685976609405337
0.003282153230633772 0.966768754288147
0.010363369691227073 0.903172700726563
0.009801462240630554 0.9090233436087622
0.0 1.0
0.013599275246075015 0.8859388035232866
0.014341427681270447 0.8739991814960534
0.018023299480444552 0.8567712148863535
0.024030509755291224 0.8433400577970399
0.027156272300529305 0.8237874471768909
0.028034228781133708 0.8206863468657333
0.028918088704219858 0.8104424660034272
0.025561292372446254 0.8259264707644827
0.03250474379875595 0.8057356524528252
0.037350149107367586 0.7831316896963388
0.03944642421905914 0.7640906355699255
0.04014478711873892 0.761445111950493
0.04612513124629253 0.7485868718577423
0.047115438616090966 0.7423377003704391
0.038332710946426304 0.7714632269815332
0.03485944259085805 0.786904137571238
0.044466789814892715 0.7498098074480809
0.04984817951864268 0.7320643342192362
0.05153254566061907 0.7215193611418169
0.05772960808018582 0.7055049904253748
0.06351431864427215 0.6901041323836633
0.06672935324826518 0.6878788107787159
0.06920097106874412 0.6856488092549728
0.07761877665673689 0.6832998003418669
0.07817152471384115 0.6726036417723702
0.8276396502528865 -0.5341879780789107
0.8294574017304648 -0.5511744383533042
0.8296857657827472 -0.5751563741617388
0.8285020731825582 -0.5428077211161659
0.8261103381440036 -0.4543575372141738
0.8340945266182745 -0.5951218094846457
0.8354195599509303 -0.6436580846776507
0.8410335790934904 -0.6895886524321277
0.8454692022994972 -0.7433198597832523
