Solution ID:  0
Fitness:[0.42735764 0.02776905]
Position:[0.42735764 0.         0.         0.         0.         0.
 0.         0.         0.         0.         0.         0.
 0.         0.         0.02349441 0.         0.         0.
 0.         0.         0.         0.0014493  0.         0.
 0.         0.         0.         0.         0.         0.        ]
--------------------------------------------------------------------------------------
Solution ID:  1
Fitness:[0.42540064 0.06279009]
Position:[4.25400637e-01 2.75691312e-03 2.80249615e-03 1.71536016e-02
 3.88924173e-03 0.00000000e+00 2.37488299e-03 0.00000000e+00
 9.04293970e-03 1.11893729e-05 3.88727419e-04 0.00000000e+00
 0.00000000e+00 2.07939353e-03 0.00000000e+00 0.00000000e+00
 2.43293950e-03 0.00000000e+00 0.00000000e+00 1.97500475e-03
 7.74167086e-03 2.60388819e-02 1.05471532e-03 1.71823340e-04
 1.13724873e-03 5.82931159e-03 5.65080496e-04 2.43307953e-03
 2.05938986e-03 1.37779915e-03]
--------------------------------------------------------------------------------------
Solution ID:  2
Fitness:[0.42060985 0.0977536 ]
Position:[0.42060985 0.         0.         0.         0.         0.
 0.         0.         0.         0.         0.         0.
 0.         0.         0.         0.         0.         0.
 0.         0.         0.         0.         0.         0.
 0.         0.         0.         0.         0.         0.        ]
--------------------------------------------------------------------------------------
Solution ID:  3
Fitness:[0.41973897 0.1082109 ]
Position:[4.19738972e-01 0.00000000e+00 0.00000000e+00 3.07306509e-05
 0.00000000e+00 0.00000000e+00 0.00000000e+00 0.00000000e+00
 0.00000000e+00 0.00000000e+00 0.00000000e+00 0.00000000e+00
 0.00000000e+00 0.00000000e+00 0.00000000e+00 0.00000000e+00
 0.00000000e+00 0.00000000e+00 0.00000000e+00 0.00000000e+00
 2.61760978e-06 0.00000000e+00 0.00000000e+00 0.00000000e+00
 0.00000000e+00 0.00000000e+00 0.00000000e+00 0.00000000e+00
 0.00000000e+00 0.00000000e+00]
--------------------------------------------------------------------------------------
Solution ID:  4
Fitness:[0.42594807 0.04634655]
Position:[4.25948071e-01 5.02957600e-03 3.43600820e-03 0.00000000e+00
 0.00000000e+00 2.35704853e-04 0.00000000e+00 0.00000000e+00
 5.29630060e-03 9.22403767e-04 5.77195696e-04 0.00000000e+00
 6.33155925e-04 1.85178380e-03 0.00000000e+00 0.00000000e+00
 0.00000000e+00 7.70155519e-04 0.00000000e+00 1.19607844e-03
 6.19254163e-03 1.00375796e-02 9.79645636e-04 0.00000000e+00
 4.45932205e-04 4.13604082e-03 3.79131706e-04 7.31014742e-04
 0.00000000e+00 2.24496795e-04]
--------------------------------------------------------------------------------------
Solution ID:  5
Fitness:[ 0.43206727 -0.01837771]
Position:[4.32067270e-01 5.08937785e-05 4.49662639e-04 5.54635537e-04
 1.38509271e-04 7.08643471e-05 3.02920958e-04 4.22089510e-04
 1.68248699e-03 2.02031333e-05 1.03971351e-04 1.02249080e-03
 7.31654245e-05 1.06174620e-04 9.75342195e-03 3.55232880e-04
 1.12542435e-04 1.15382423e-03 7.62958278e-05 3.06342620e-04
 5.50410995e-05 1.85380780e-03 3.49140547e-04 3.14302409e-05
 1.10488820e-04 6.71677687e-04 3.38948431e-05 4.51950449e-04
 0.00000000e+00 0.00000000e+00]
--------------------------------------------------------------------------------------
Solution ID:  6
Fitness:[ 0.43341923 -0.02589644]
Position:[4.33419232e-01 0.00000000e+00 0.00000000e+00 0.00000000e+00
 0.00000000e+00 1.03504028e-04 2.16509059e-05 1.68575304e-03
 0.00000000e+00 1.08890943e-02 0.00000000e+00 8.99263592e-05
 4.48666508e-04 0.00000000e+00 5.36295856e-03 7.28649053e-06
 0.00000000e+00 1.28065844e-02 1.39599728e-03 0.00000000e+00
 0.00000000e+00 0.00000000e+00 0.00000000e+00 0.00000000e+00
 0.00000000e+00 1.31262978e-03 1.38608587e-04 0.00000000e+00
 5.74607872e-06 5.94607226e-03]
--------------------------------------------------------------------------------------
Solution ID:  7
Fitness:[0.43079412 0.00789803]
Position:[4.30794119e-01 2.56164929e-04 1.62991363e-04 5.03491069e-03
 1.46687417e-03 8.55066957e-05 1.78078549e-03 2.30112694e-03
 2.17757288e-03 2.87579673e-03 2.09003366e-03 3.39619267e-03
 7.26154707e-04 5.34930235e-03 1.38034399e-02 2.22004939e-03
 5.90957724e-05 1.69909253e-02 2.87381642e-03 4.46541960e-03
 1.62299546e-03 8.34134107e-03 1.17127090e-03 5.41940837e-03
 2.74246276e-05 6.35942145e-04 8.43812213e-04 2.77288959e-04
 1.11204399e-03 3.13288199e-03]
--------------------------------------------------------------------------------------
Solution ID:  8
Fitness:[ 0.43560378 -0.04292824]
Position:[4.35603781e-01 0.00000000e+00 0.00000000e+00 0.00000000e+00
 0.00000000e+00 0.00000000e+00 0.00000000e+00 1.03844878e-03
 0.00000000e+00 0.00000000e+00 0.00000000e+00 0.00000000e+00
 2.85289597e-04 0.00000000e+00 0.00000000e+00 1.11592296e-03
 0.00000000e+00 0.00000000e+00 4.08613744e-04 0.00000000e+00
 0.00000000e+00 3.97681829e-02 0.00000000e+00 0.00000000e+00
 0.00000000e+00 0.00000000e+00 2.86336924e-05 0.00000000e+00
 0.00000000e+00 0.00000000e+00]
--------------------------------------------------------------------------------------
Solution ID:  9
Fitness:[ 0.43705122 -0.06248305]
Position:[0.43705122 0.         0.         0.         0.         0.
 0.         0.         0.         0.         0.         0.
 0.         0.         0.         0.         0.         0.
 0.         0.         0.         0.         0.         0.
 0.         0.         0.         0.         0.         0.        ]
--------------------------------------------------------------------------------------
Solution ID:  10
Fitness:[ 0.436602   -0.05155944]
Position:[0.436602   0.00115997 0.0017994  0.00267998 0.00249856 0.
 0.         0.00125831 0.00869183 0.         0.00202851 0.00191389
 0.         0.         0.         0.0009654  0.00141618 0.
 0.         0.00281784 0.         0.         0.         0.00193053
 0.00100375 0.0039336  0.         0.         0.00191375 0.00095726]
--------------------------------------------------------------------------------------
Solution ID:  11
Fitness:[ 0.44045884 -0.0673114 ]
Position:[4.40458844e-01 3.78504686e-03 4.26067511e-04 4.13157870e-03
 2.08714093e-04 3.80042124e-03 4.47865664e-04 0.00000000e+00
 0.00000000e+00 5.15544529e-03 3.15244437e-04 3.35685645e-03
 5.45440943e-03 6.99596713e-04 0.00000000e+00 0.00000000e+00
 1.88694604e-04 5.25572774e-03 2.55358741e-03 7.08351334e-03
 4.54290643e-03 1.94290594e-02 1.26875958e-03 7.44164536e-04
 7.29199394e-04 0.00000000e+00 3.52164892e-03 2.05546922e-03
 4.92160656e-03 2.51065822e-03]
--------------------------------------------------------------------------------------
Solution ID:  12
Fitness:[ 0.44226852 -0.08917065]
Position:[4.42268522e-01 0.00000000e+00 0.00000000e+00 9.93595688e-03
 2.06590040e-03 0.00000000e+00 1.23325292e-03 3.14109571e-04
 3.65017318e-03 0.00000000e+00 0.00000000e+00 7.39001993e-04
 0.00000000e+00 8.55994028e-04 0.00000000e+00 0.00000000e+00
 0.00000000e+00 0.00000000e+00 0.00000000e+00 0.00000000e+00
 0.00000000e+00 0.00000000e+00 1.94260020e-03 1.14716775e-03
 1.05692407e-03 1.88917873e-03 0.00000000e+00 0.00000000e+00
 0.00000000e+00 0.00000000e+00]
--------------------------------------------------------------------------------------
Solution ID:  13
Fitness:[ 0.44290475 -0.09581808]
Position:[4.42904754e-01 0.00000000e+00 0.00000000e+00 0.00000000e+00
 0.00000000e+00 0.00000000e+00 0.00000000e+00 1.80445328e-04
 0.00000000e+00 0.00000000e+00 0.00000000e+00 3.79493201e-03
 0.00000000e+00 0.00000000e+00 3.50186320e-03 0.00000000e+00
 0.00000000e+00 4.39929091e-04 0.00000000e+00 0.00000000e+00
 0.00000000e+00 0.00000000e+00 0.00000000e+00 0.00000000e+00
 0.00000000e+00 0.00000000e+00 0.00000000e+00 0.00000000e+00
 0.00000000e+00 0.00000000e+00]
--------------------------------------------------------------------------------------
Solution ID:  14
Fitness:[0.4252802  0.09290084]
Position:[4.25280204e-01 0.00000000e+00 1.09391067e-04 1.87779773e-02
 3.20235006e-03 0.00000000e+00 1.37756591e-03 5.31431929e-03
 4.28892054e-03 5.08667939e-04 9.62019256e-03 4.15940287e-03
 0.00000000e+00 6.46694760e-03 7.71212771e-02 2.42697564e-03
 2.23991250e-03 7.96674180e-03 9.82303259e-03 3.83080990e-03
 4.38671141e-03 3.29052579e-02 4.64462926e-03 6.09278605e-03
 5.14803430e-03 5.19725706e-03 2.88390995e-03 0.00000000e+00
 8.96509156e-03 1.99615756e-03]
--------------------------------------------------------------------------------------
Solution ID:  15
Fitness:[0.41621164 0.1606227 ]
Position:[0.41621164 0.         0.         0.         0.         0.
 0.         0.         0.         0.         0.         0.
 0.         0.         0.04131652 0.         0.         0.
 0.         0.         0.         0.         0.         0.
 0.         0.         0.         0.         0.         0.        ]
--------------------------------------------------------------------------------------
Solution ID:  16
Fitness:[0.41570277 0.16185944]
Position:[4.15702771e-01 8.52176229e-05 1.21109226e-04 1.08233635e-03
 1.86713527e-04 3.45749191e-04 2.09473342e-03 2.72276941e-04
 4.56451603e-04 3.45229474e-04 2.55630836e-05 1.35877169e-03
 5.04015718e-05 2.03277041e-04 5.69143946e-03 3.07407439e-04
 2.43247963e-04 1.29181548e-03 5.34722394e-05 7.32636571e-05
 2.62447372e-04 6.99730393e-04 1.11290157e-04 1.50386017e-04
 3.87046396e-05 1.56992862e-04 6.20585849e-05 4.20297505e-05
 3.81953192e-04 2.75879719e-04]
--------------------------------------------------------------------------------------
Solution ID:  17
Fitness:[0.41564071 0.18826959]
Position:[4.15640706e-01 7.49234968e-03 1.66880921e-03 1.11120833e-02
 4.12902923e-04 6.06093235e-03 1.26429382e-03 1.08373700e-03
 1.96590271e-04 1.01395046e-02 6.79662147e-04 2.16410304e-04
 8.84370363e-03 1.35043754e-04 6.77624681e-03 3.20252499e-04
 2.88419547e-03 7.82825699e-03 2.92863555e-03 9.18514821e-03
 9.06956002e-03 2.38857692e-02 0.00000000e+00 0.00000000e+00
 3.44623574e-04 6.80118924e-05 7.18578241e-03 3.83727577e-03
 7.79585788e-03 6.19512850e-03]
--------------------------------------------------------------------------------------
Solution ID:  18
Fitness:[0.41709602 0.15350724]
Position:[4.17096016e-01 0.00000000e+00 7.45645813e-04 0.00000000e+00
 0.00000000e+00 3.36674362e-05 1.03438582e-04 1.50239849e-03
 3.21085908e-03 1.69143853e-04 1.68100339e-03 0.00000000e+00
 0.00000000e+00 2.06406025e-04 4.26472090e-02 4.99966384e-03
 0.00000000e+00 0.00000000e+00 0.00000000e+00 1.95127904e-03
 1.60557460e-03 0.00000000e+00 0.00000000e+00 0.00000000e+00
 0.00000000e+00 0.00000000e+00 1.62957446e-03 0.00000000e+00
 0.00000000e+00 0.00000000e+00]
--------------------------------------------------------------------------------------
Solution ID:  19
Fitness:[0.41272499 0.21415799]
Position:[4.12724994e-01 1.35027733e-03 0.00000000e+00 0.00000000e+00
 0.00000000e+00 7.24753843e-05 0.00000000e+00 3.91123949e-04
 0.00000000e+00 3.53619272e-03 2.60581756e-05 0.00000000e+00
 6.90992470e-03 0.00000000e+00 5.55439892e-02 0.00000000e+00
 0.00000000e+00 1.99403729e-03 0.00000000e+00 0.00000000e+00
 1.26466591e-03 0.00000000e+00 0.00000000e+00 0.00000000e+00
 1.70092472e-03 0.00000000e+00 4.50005833e-03 6.59673307e-05
 2.82568900e-03 1.36486508e-03]
--------------------------------------------------------------------------------------
Solution ID:  20
Fitness:[0.41129438 0.22487486]
Position:[0.41129438 0.         0.         0.         0.         0.
 0.         0.         0.         0.         0.         0.
 0.         0.         0.04305322 0.         0.         0.
 0.         0.         0.         0.         0.         0.
 0.         0.         0.         0.         0.         0.        ]
--------------------------------------------------------------------------------------
Solution ID:  21
Fitness:[0.41144642 0.21801616]
Position:[4.11446423e-01 0.00000000e+00 0.00000000e+00 0.00000000e+00
 0.00000000e+00 0.00000000e+00 2.33844651e-03 0.00000000e+00
 2.08818986e-03 0.00000000e+00 0.00000000e+00 0.00000000e+00
 0.00000000e+00 0.00000000e+00 9.02319559e-03 2.49349968e-03
 0.00000000e+00 0.00000000e+00 0.00000000e+00 3.39494026e-03
 3.74626195e-05 0.00000000e+00 0.00000000e+00 0.00000000e+00
 0.00000000e+00 0.00000000e+00 7.45936967e-04 0.00000000e+00
 0.00000000e+00 0.00000000e+00]
--------------------------------------------------------------------------------------
Solution ID:  22
Fitness:[0.41330887 0.20813405]
Position:[0.41330887 0.00313316 0.0016801  0.00342472 0.00050315 0.00309613
 0.00180285 0.00142557 0.00291043 0.00296956 0.001675   0.00120963
 0.00300626 0.00329113 0.01192726 0.00241913 0.00268373 0.00119934
 0.00132229 0.00455135 0.00449884 0.0138942  0.00238848 0.00269552
 0.00104851 0.00136933 0.00250944 0.00297175 0.00130585 0.00227649]
--------------------------------------------------------------------------------------
Solution ID:  23
Fitness:[0.41786332 0.13125896]
Position:[4.17863322e-01 0.00000000e+00 0.00000000e+00 0.00000000e+00
 0.00000000e+00 0.00000000e+00 0.00000000e+00 0.00000000e+00
 0.00000000e+00 0.00000000e+00 0.00000000e+00 0.00000000e+00
 0.00000000e+00 0.00000000e+00 0.00000000e+00 3.22859062e-04
 0.00000000e+00 0.00000000e+00 0.00000000e+00 0.00000000e+00
 0.00000000e+00 0.00000000e+00 0.00000000e+00 0.00000000e+00
 0.00000000e+00 0.00000000e+00 0.00000000e+00 0.00000000e+00
 0.00000000e+00 0.00000000e+00]
--------------------------------------------------------------------------------------
Solution ID:  24
Fitness:[ 0.44340224 -0.09947549]
Position:[4.43402241e-01 0.00000000e+00 0.00000000e+00 0.00000000e+00
 0.00000000e+00 0.00000000e+00 0.00000000e+00 0.00000000e+00
 0.00000000e+00 0.00000000e+00 0.00000000e+00 0.00000000e+00
 0.00000000e+00 0.00000000e+00 0.00000000e+00 1.94645123e-04
 0.00000000e+00 0.00000000e+00 0.00000000e+00 0.00000000e+00
 0.00000000e+00 0.00000000e+00 0.00000000e+00 0.00000000e+00
 0.00000000e+00 0.00000000e+00 1.11505608e-03 0.00000000e+00
 0.00000000e+00 2.38152577e-04]
--------------------------------------------------------------------------------------
Solution ID:  25
Fitness:[ 0.44734395 -0.11462527]
Position:[0.44734395 0.         0.         0.         0.         0.
 0.         0.         0.         0.         0.         0.
 0.         0.         0.         0.         0.         0.
 0.         0.         0.         0.         0.         0.
 0.         0.         0.         0.         0.         0.        ]
--------------------------------------------------------------------------------------
Solution ID:  26
Fitness:[ 0.44697882 -0.11148852]
Position:[4.46978816e-01 1.64468426e-04 1.96626566e-04 6.22272299e-04
 1.74231449e-04 2.31288839e-04 1.89603012e-04 3.23528018e-05
 7.99100016e-05 1.83805001e-04 5.03733444e-05 1.82931201e-04
 2.42640026e-04 2.62704676e-04 3.89973014e-03 1.24129125e-04
 1.43615288e-04 5.22822655e-05 6.29960100e-05 3.27899033e-04
 2.39499466e-04 8.87563154e-04 3.45688311e-04 1.89799217e-04
 8.56543611e-05 5.96077111e-05 2.08470795e-04 2.07979602e-04
 2.46527978e-04 1.91294638e-04]
--------------------------------------------------------------------------------------
Solution ID:  27
Fitness:[ 0.45016597 -0.12076575]
Position:[0.45016597 0.         0.         0.         0.         0.
 0.         0.         0.         0.         0.         0.
 0.         0.         0.         0.         0.         0.
 0.         0.         0.         0.         0.         0.
 0.         0.00163977 0.         0.         0.         0.        ]
--------------------------------------------------------------------------------------
Solution ID:  28
Fitness:[ 0.45276128 -0.12393416]
Position:[0.45276128 0.         0.         0.         0.         0.
 0.         0.         0.         0.         0.         0.
 0.         0.         0.         0.         0.         0.
 0.         0.         0.         0.         0.         0.
 0.         0.         0.         0.         0.         0.        ]
--------------------------------------------------------------------------------------
Solution ID:  29
Fitness:[ 0.62842185 -0.26576052]
Position:[6.28421852e-01 3.35124533e-03 0.00000000e+00 0.00000000e+00
 0.00000000e+00 3.81683712e-03 0.00000000e+00 3.18148732e-03
 0.00000000e+00 8.99020504e-03 4.16634670e-03 1.53392645e-03
 4.12262104e-03 2.94577492e-03 0.00000000e+00 2.57234007e-03
 0.00000000e+00 1.52512181e-02 6.26045472e-03 1.00358653e-02
 0.00000000e+00 0.00000000e+00 1.87115369e-03 3.91300653e-03
 2.61088272e-05 0.00000000e+00 3.56021273e-03 2.34472910e-04
 5.36741178e-03 6.19143368e-03]
--------------------------------------------------------------------------------------
Solution ID:  30
Fitness:[ 0.63205179 -0.28947661]
Position:[0.63205179 0.00172763 0.00237795 0.01830422 0.00663725 0.00363202
 0.0038668  0.00328153 0.00768859 0.00332161 0.00592782 0.00557377
 0.00415448 0.00543885 0.05517674 0.         0.00307152 0.00352099
 0.00438456 0.00643502 0.00670877 0.02867025 0.00392423 0.00505824
 0.00284817 0.00690489 0.00119317 0.00298256 0.00420129 0.00337924]
--------------------------------------------------------------------------------------
Solution ID:  31
Fitness:[ 0.62997858 -0.2855748 ]
Position:[6.29978581e-01 2.31810260e-03 2.33220806e-03 2.08943910e-02
 5.37344597e-03 0.00000000e+00 2.45175269e-04 0.00000000e+00
 1.29689083e-02 0.00000000e+00 9.49126630e-04 1.00115328e-03
 0.00000000e+00 2.31308774e-03 0.00000000e+00 0.00000000e+00
 3.94681554e-04 0.00000000e+00 0.00000000e+00 3.34440218e-03
 5.41606533e-03 2.17987764e-02 1.29331648e-03 4.43976708e-04
 1.03761372e-03 8.41953753e-03 0.00000000e+00 1.98286519e-03
 7.99927625e-04 0.00000000e+00]
--------------------------------------------------------------------------------------
Solution ID:  32
Fitness:[ 0.62585774 -0.20965036]
Position:[6.25857737e-01 6.61821487e-03 1.97504184e-03 1.59865610e-02
 5.72001183e-03 3.61444452e-03 3.02972412e-03 2.58375725e-03
 6.79866277e-03 3.89906015e-03 4.72148597e-03 4.48898227e-03
 4.87307212e-03 4.44468853e-03 4.76904851e-02 4.20531817e-05
 2.48295719e-03 4.04837999e-03 4.03682687e-03 5.36709789e-03
 5.61337915e-03 2.40226371e-02 3.15833344e-03 3.98280398e-03
 2.27535761e-03 5.81678568e-03 2.37590155e-03 2.41986450e-03
 3.86334419e-03 2.98887033e-03]
--------------------------------------------------------------------------------------
Solution ID:  33
Fitness:[ 0.62371828 -0.18976971]
Position:[6.23718278e-01 6.28610861e-03 1.64799138e-03 5.73000745e-03
 2.20659833e-04 6.34489745e-03 2.28724189e-03 1.89000047e-03
 0.00000000e+00 8.60909411e-03 3.49149753e-03 1.97883211e-03
 8.42999725e-03 2.16467612e-03 2.11149425e-02 3.23336762e-04
 1.16853104e-03 4.53752570e-03 1.40867189e-03 3.93235938e-03
 4.62725690e-03 1.33383873e-02 0.00000000e+00 1.32752958e-03
 0.00000000e+00 5.82349262e-04 5.55683301e-03 1.71451327e-03
 7.27562115e-03 5.28714161e-03]
--------------------------------------------------------------------------------------
Solution ID:  34
Fitness:[ 0.62250991 -0.17633208]
Position:[6.22509913e-01 1.92581782e-04 2.56432320e-04 1.10356881e-02
 5.24151567e-04 0.00000000e+00 6.69716537e-03 2.55013216e-03
 6.29109343e-03 2.45510203e-03 1.99998730e-03 8.92279420e-04
 9.49481694e-04 3.23578296e-04 0.00000000e+00 3.97980052e-03
 7.90892168e-06 1.96945980e-04 2.51620824e-03 7.39298555e-03
 6.57082727e-03 2.82286443e-02 1.54643192e-03 1.93510125e-04
 0.00000000e+00 6.12082496e-05 2.10227123e-03 9.74418072e-04
 2.63032708e-03 0.00000000e+00]
--------------------------------------------------------------------------------------
Solution ID:  35
Fitness:[ 0.62151615 -0.12882989]
Position:[6.21516151e-01 1.18540708e-03 7.79681099e-04 2.50303468e-03
 1.44203787e-03 8.43877102e-04 1.80180181e-04 5.26305995e-04
 4.42301001e-03 1.78525272e-03 4.22430949e-04 7.23881938e-03
 2.20350868e-03 1.41272809e-03 2.10736129e-01 7.13245489e-04
 9.52408173e-04 2.39582838e-03 1.11213012e-04 2.02951434e-03
 1.64280977e-03 3.50460225e-03 7.56597763e-04 5.93663025e-04
 4.17848977e-04 3.15393426e-04 1.10023836e-03 9.91683434e-04
 1.53997966e-03 1.42388287e-03]
--------------------------------------------------------------------------------------
Solution ID:  36
Fitness:[ 0.62205555 -0.12967635]
Position:[0.62205555 0.01593283 0.00437521 0.02414981 0.00182941 0.01224197
 0.         0.00253819 0.00165702 0.0215108  0.00309992 0.
 0.01757953 0.         0.         0.00316099 0.0054505  0.01665015
 0.00778933 0.02414897 0.02157802 0.05110082 0.0015723  0.0027389
 0.00321691 0.         0.01638742 0.00882865 0.01668259 0.01149945]
--------------------------------------------------------------------------------------
Solution ID:  37
Fitness:[ 0.63359251 -0.29582006]
Position:[6.33592510e-01 1.40674635e-02 4.06707391e-03 2.20084842e-02
 1.77051469e-03 1.09046301e-02 3.00473700e-03 2.17070095e-03
 1.56867419e-03 1.88915680e-02 2.77484158e-03 2.31518273e-05
 1.59528858e-02 1.24268940e-05 3.87837689e-03 2.02151050e-03
 4.99154750e-03 1.53258315e-02 6.89781527e-03 2.10993865e-02
 1.88068288e-02 4.61039942e-02 1.45533014e-03 2.66176230e-03
 2.89881872e-03 5.92901697e-05 1.45812695e-02 7.80654304e-03
 1.46478993e-02 1.12093496e-02]
--------------------------------------------------------------------------------------
Solution ID:  38
Fitness:[ 0.63362657 -0.29634852]
Position:[6.33626573e-01 6.71743021e-03 5.59351906e-03 1.33970466e-02
 1.47062395e-03 8.96606486e-03 4.05952017e-04 4.48783351e-03
 4.27797755e-04 8.46293139e-03 8.26228318e-03 3.55443040e-03
 7.18566374e-03 5.30583519e-03 6.56692273e-02 3.69811387e-03
 3.38762625e-03 4.58558340e-03 7.66081284e-03 1.02254038e-02
 1.31548560e-02 4.58647713e-02 1.04519886e-03 5.32382670e-03
 4.80424982e-03 2.97598512e-03 7.13809876e-03 4.90910248e-03
 1.04277343e-02 5.81081265e-03]
--------------------------------------------------------------------------------------
Solution ID:  39
Fitness:[ 0.63511113 -0.30178762]
Position:[6.35111132e-01 1.43585166e-03 3.74539021e-03 7.39467741e-03
 1.33057553e-03 7.49298149e-04 3.75184058e-03 2.97592570e-03
 1.21055599e-02 7.58680240e-03 9.24053364e-04 4.41410697e-03
 2.43950869e-03 4.46611344e-04 2.25100273e-01 2.07348805e-03
 1.74411840e-03 9.38496519e-03 4.03397260e-04 2.92070522e-03
 2.20850504e-03 9.43333748e-03 5.22904310e-03 1.75555823e-03
 2.47775685e-03 8.31982569e-03 1.00621677e-03 1.11932540e-03
 1.80958158e-03 2.81967254e-03]
--------------------------------------------------------------------------------------
Solution ID:  40
Fitness:[ 0.6354429  -0.33161015]
Position:[6.35442900e-01 3.35213389e-03 1.01500087e-03 6.62209482e-03
 4.08305354e-04 3.21825671e-03 2.35280390e-03 5.98859599e-04
 1.45414737e-02 1.57815665e-03 9.98354717e-04 7.09140876e-03
 3.44929303e-03 0.00000000e+00 1.04038442e-01 2.46139050e-04
 1.65182847e-03 2.75678668e-03 1.05201198e-03 2.39369140e-03
 5.89650595e-03 1.02527265e-02 7.60818373e-04 1.01491845e-03
 2.77622317e-05 2.08210394e-03 3.23014978e-03 2.61344496e-03
 3.94550459e-03 2.17667014e-03]
--------------------------------------------------------------------------------------
Solution ID:  41
Fitness:[ 0.6385392  -0.37496777]
Position:[6.38539200e-01 1.82880114e-04 1.91283320e-03 7.26800587e-03
 2.59418953e-03 1.25151561e-03 5.48312620e-03 5.70178498e-03
 4.12670021e-03 8.01273578e-03 3.47593570e-03 0.00000000e+00
 0.00000000e+00 0.00000000e+00 3.47035375e-02 4.45435904e-03
 9.87134851e-04 5.99372761e-03 2.05039791e-03 1.46070857e-02
 0.00000000e+00 1.84737441e-03 1.23269077e-03 1.48565140e-03
 7.39689423e-04 1.54199960e-03 0.00000000e+00 6.75227558e-04
 4.36733978e-03 1.14648644e-03]
--------------------------------------------------------------------------------------
Solution ID:  42
Fitness:[ 0.6370298  -0.35837828]
Position:[6.37029798e-01 4.35768176e-03 3.00349797e-03 0.00000000e+00
 1.89655057e-03 4.97526801e-03 2.02026437e-03 1.75126862e-03
 0.00000000e+00 6.42685841e-03 2.89681863e-03 1.38404661e-03
 5.75545669e-03 2.64427715e-03 2.96696158e-02 1.37276412e-03
 6.87178880e-04 3.03064621e-03 1.64247328e-03 2.43902760e-03
 8.86990739e-03 2.94048698e-02 1.34641844e-03 1.14426625e-03
 2.98877098e-04 0.00000000e+00 3.73438788e-03 1.55251452e-03
 4.68943304e-03 4.24003493e-03]
--------------------------------------------------------------------------------------
Solution ID:  43
Fitness:[ 0.64087971 -0.39773193]
Position:[6.40879713e-01 9.55609797e-04 1.25300103e-03 3.29714658e-03
 1.73685871e-03 1.10303259e-03 1.69772345e-03 2.23442694e-04
 4.38508218e-03 8.26117659e-04 1.08756797e-03 1.28456172e-03
 1.56788332e-03 2.11036470e-03 4.26073442e-02 2.53795227e-04
 5.43152844e-04 2.12285111e-03 1.41056503e-03 2.50425516e-03
 3.42198843e-03 8.69740165e-03 2.11393709e-03 1.18380349e-03
 5.72538681e-04 4.80978772e-04 1.91601803e-03 1.31123937e-03
 1.98346005e-03 1.30042854e-03]
--------------------------------------------------------------------------------------
Solution ID:  44
Fitness:[ 0.64073912 -0.39537669]
Position:[6.40739118e-01 1.10224323e-04 2.39971295e-05 0.00000000e+00
 1.19135351e-04 3.35689958e-05 1.98023924e-03 0.00000000e+00
 0.00000000e+00 3.45212751e-04 0.00000000e+00 0.00000000e+00
 5.04613237e-05 0.00000000e+00 8.74804815e-02 0.00000000e+00
 3.62912833e-05 3.69594873e-05 6.01588885e-05 1.41824456e-04
 2.18261678e-04 7.82487848e-03 0.00000000e+00 3.30642943e-05
 1.26012768e-05 2.05665732e-03 5.92983819e-05 9.06470961e-05
 1.73152416e-04 1.16343387e-04]
--------------------------------------------------------------------------------------
Solution ID:  45
Fitness:[ 0.64623521 -0.43974145]
Position:[6.46235210e-01 0.00000000e+00 0.00000000e+00 0.00000000e+00
 0.00000000e+00 0.00000000e+00 8.46277924e-04 0.00000000e+00
 0.00000000e+00 0.00000000e+00 0.00000000e+00 1.82978100e-03
 0.00000000e+00 0.00000000e+00 2.82912528e-02 0.00000000e+00
 0.00000000e+00 5.74291491e-04 0.00000000e+00 0.00000000e+00
 0.00000000e+00 0.00000000e+00 9.78504716e-06 0.00000000e+00
 3.58827323e-06 0.00000000e+00 0.00000000e+00 0.00000000e+00
 1.32005554e-06 0.00000000e+00]
--------------------------------------------------------------------------------------
Solution ID:  46
Fitness:[ 0.64590248 -0.41436698]
Position:[0.64590248 0.00726079 0.00235871 0.00572488 0.00467636 0.00869714
 0.00726559 0.00237875 0.         0.01373111 0.00203866 0.00143971
 0.01129105 0.00213465 0.00125644 0.00420104 0.00269969 0.00822303
 0.0047788  0.01154614 0.00786481 0.00610295 0.00165858 0.00371547
 0.0028648  0.00560876 0.01016417 0.00416371 0.0073023  0.0084726 ]
--------------------------------------------------------------------------------------
Solution ID:  47
Fitness:[0.18769161 0.64443566]
Position:[0.18769161 0.         0.         0.         0.         0.
 0.         0.         0.         0.         0.         0.
 0.         0.         0.02831556 0.         0.         0.
 0.         0.         0.         0.         0.         0.
 0.         0.         0.         0.         0.         0.        ]
--------------------------------------------------------------------------------------
Solution ID:  48
Fitness:[0.19043426 0.63107409]
Position:[1.90434261e-01 1.29564877e-03 2.80297879e-03 0.00000000e+00
 6.45405077e-05 3.06840014e-03 3.57103921e-03 0.00000000e+00
 2.97789575e-04 2.66649207e-03 0.00000000e+00 0.00000000e+00
 2.45529325e-03 2.44077416e-03 9.60252614e-03 2.12014712e-03
 1.37218660e-03 0.00000000e+00 0.00000000e+00 1.93044620e-03
 0.00000000e+00 0.00000000e+00 1.74617624e-03 2.92959759e-03
 1.01093616e-03 0.00000000e+00 2.42610609e-03 1.10363141e-03
 0.00000000e+00 2.76085051e-03]
--------------------------------------------------------------------------------------
Solution ID:  49
Fitness:[0.1908925  0.62798098]
Position:[0.1908925  0.         0.         0.         0.         0.
 0.00482661 0.00285552 0.         0.00273599 0.0029291  0.00408112
 0.00145994 0.         0.         0.         0.         0.00153213
 0.00409965 0.         0.         0.01285075 0.00261774 0.00145032
 0.         0.         0.00022948 0.         0.00371078 0.        ]
--------------------------------------------------------------------------------------
Solution ID:  50
Fitness:[0.18534222 0.66691457]
Position:[0.18534222 0.0011841  0.         0.         0.         0.00061615
 0.         0.         0.         0.00186657 0.00066687 0.
 0.00232833 0.         0.03503788 0.         0.00058035 0.00286285
 0.00164024 0.         0.00210432 0.00535092 0.00169934 0.
 0.00034593 0.         0.00126921 0.00081784 0.00224015 0.00116736]
--------------------------------------------------------------------------------------
Solution ID:  51
Fitness:[0.18425488 0.67239777]
Position:[1.84254876e-01 1.49765732e-03 7.60427321e-04 4.02494901e-03
 7.09155114e-04 1.02634503e-03 2.75106703e-04 6.30625192e-05
 6.03878574e-03 1.98489545e-03 1.49241179e-04 1.27056930e-04
 1.62228760e-03 0.00000000e+00 1.66659965e-02 0.00000000e+00
 6.87558874e-04 1.80239668e-03 5.11004976e-04 2.17130473e-03
 2.12635126e-03 6.89633900e-03 3.13960690e-04 2.21488179e-04
 3.10215777e-04 3.50161648e-03 1.34597478e-03 6.46093800e-04
 1.49421158e-03 1.12153832e-03]
--------------------------------------------------------------------------------------
Solution ID:  52
Fitness:[0.19404722 0.61825402]
Position:[1.94047215e-01 0.00000000e+00 8.63133694e-04 0.00000000e+00
 1.11675983e-03 0.00000000e+00 4.84618330e-03 9.16361487e-04
 8.26040805e-04 0.00000000e+00 1.38697110e-03 3.15893029e-04
 0.00000000e+00 5.61665851e-04 4.71676979e-02 4.86012914e-03
 3.22070310e-04 9.59106131e-05 1.70936804e-03 1.16271557e-03
 0.00000000e+00 0.00000000e+00 8.06689663e-03 1.11571389e-02
 6.52640260e-03 1.09056519e-03 0.00000000e+00 5.57900941e-04
 0.00000000e+00 0.00000000e+00]
--------------------------------------------------------------------------------------
Solution ID:  53
Fitness:[0.19611724 0.6027588 ]
Position:[1.96117244e-01 1.15946284e-03 0.00000000e+00 0.00000000e+00
 8.46311310e-04 0.00000000e+00 2.42233130e-03 0.00000000e+00
 1.58256685e-03 0.00000000e+00 0.00000000e+00 1.69274250e-03
 0.00000000e+00 3.85251959e-03 4.62928972e-02 0.00000000e+00
 1.72377024e-03 1.97264648e-03 1.04536991e-03 2.16322511e-03
 2.21944420e-04 1.67190580e-02 2.07648425e-03 0.00000000e+00
 1.47365834e-04 3.84061516e-04 9.05772700e-04 1.59963737e-03
 3.01829807e-03 0.00000000e+00]
--------------------------------------------------------------------------------------
Solution ID:  54
Fitness:[0.19307613 0.62220239]
Position:[1.93076131e-01 2.98716101e-03 7.03634801e-04 4.72584799e-03
 0.00000000e+00 3.36424509e-03 3.24003904e-03 4.80331961e-05
 6.95772826e-04 7.36179545e-03 3.83316821e-04 3.90206604e-05
 4.48109019e-03 3.77135910e-04 2.34401501e-02 4.52396229e-04
 1.09394833e-03 5.72425759e-04 4.12874335e-03 1.45949468e-03
 2.52735069e-03 1.28439221e-03 1.70055969e-04 0.00000000e+00
 1.16996675e-03 4.43464231e-03 3.84994055e-03 1.75729055e-03
 2.93772711e-03 4.50718267e-03]
--------------------------------------------------------------------------------------
Solution ID:  55
Fitness:[0.19703623 0.58080802]
Position:[0.19703623 0.         0.         0.         0.         0.
 0.         0.         0.         0.         0.         0.
 0.         0.         0.02639097 0.         0.         0.
 0.         0.         0.         0.         0.         0.
 0.         0.         0.         0.         0.         0.        ]
--------------------------------------------------------------------------------------
Solution ID:  56
Fitness:[0.20150344 0.56188702]
Position:[2.01503441e-01 0.00000000e+00 5.25158746e-04 0.00000000e+00
 2.18441694e-03 1.55308523e-03 1.71515314e-02 6.08117271e-05
 4.44718959e-04 7.32036597e-04 2.88519738e-03 2.99942081e-04
 5.66237341e-04 1.40115888e-03 4.20641875e-02 2.89348447e-03
 1.35846868e-03 0.00000000e+00 0.00000000e+00 4.65130086e-04
 0.00000000e+00 0.00000000e+00 2.71838455e-03 1.64200971e-03
 2.28722110e-03 1.75019994e-03 6.74103883e-04 4.83499456e-05
 4.46051089e-04 0.00000000e+00]
--------------------------------------------------------------------------------------
Solution ID:  57
Fitness:[0.20249244 0.55339602]
Position:[0.20249244 0.         0.         0.         0.         0.
 0.         0.         0.         0.         0.         0.
 0.         0.         0.07979824 0.         0.         0.
 0.         0.         0.         0.         0.         0.
 0.         0.         0.         0.         0.         0.        ]
--------------------------------------------------------------------------------------
Solution ID:  58
Fitness:[0.20377745 0.5491899 ]
Position:[2.03777447e-01 7.72260768e-05 1.46123203e-04 3.05442360e-04
 3.50704568e-03 1.44712581e-04 4.78239899e-03 9.04117576e-03
 2.60787246e-04 2.80309417e-03 3.01083762e-03 4.17799713e-03
 1.60489896e-03 2.21139178e-04 4.27083099e-03 8.76865583e-03
 3.09805136e-03 1.77367070e-03 4.20483978e-03 2.00936285e-04
 5.05963301e-03 3.60886651e-02 2.81732804e-03 1.51849736e-03
 2.19752596e-04 1.23437782e-04 4.82446378e-04 6.78020282e-05
 3.86631236e-03 4.81483066e-05]
--------------------------------------------------------------------------------------
Solution ID:  59
Fitness:[0.20356657 0.55246579]
Position:[2.03566575e-01 2.53223136e-03 3.19409811e-03 0.00000000e+00
 4.60640334e-03 2.45780290e-03 6.27829855e-03 7.89335784e-03
 6.13896516e-03 5.65574439e-03 7.56470269e-03 3.13245312e-03
 4.69297160e-05 1.69242243e-03 1.08168359e-02 6.66073877e-03
 0.00000000e+00 4.37603920e-05 0.00000000e+00 1.10384376e-02
 3.11571908e-03 1.34182252e-02 0.00000000e+00 1.46102360e-03
 0.00000000e+00 2.92219370e-03 2.19739534e-04 4.10822649e-05
 5.95287658e-03 2.74069724e-03]
--------------------------------------------------------------------------------------
Solution ID:  60
Fitness:[0.20503919 0.514863  ]
Position:[0.20503919 0.         0.         0.         0.         0.
 0.         0.         0.         0.         0.         0.
 0.         0.         0.         0.         0.         0.
 0.         0.         0.         0.         0.         0.
 0.         0.         0.         0.         0.         0.        ]
--------------------------------------------------------------------------------------
Solution ID:  61
Fitness:[0.20817699 0.49084396]
Position:[0.20817699 0.         0.         0.         0.         0.
 0.         0.         0.         0.         0.         0.
 0.         0.         0.         0.         0.         0.
 0.         0.         0.         0.         0.         0.
 0.         0.         0.         0.         0.         0.        ]
--------------------------------------------------------------------------------------
Solution ID:  62
Fitness:[0.21083553 0.47043967]
Position:[0.21083553 0.         0.         0.         0.         0.
 0.         0.         0.         0.         0.         0.
 0.         0.         0.         0.         0.         0.
 0.         0.         0.         0.         0.         0.
 0.         0.         0.         0.         0.         0.        ]
--------------------------------------------------------------------------------------
Solution ID:  63
Fitness:[0.21379872 0.45715496]
Position:[0.21379872 0.         0.         0.         0.         0.00423175
 0.         0.00304848 0.         0.         0.0040016  0.
 0.00157388 0.0050658  0.         0.00174245 0.         0.
 0.00560085 0.         0.         0.         0.         0.00332478
 0.00336964 0.         0.00277326 0.         0.00439738 0.        ]
--------------------------------------------------------------------------------------
Solution ID:  64
Fitness:[0.21393228 0.45410197]
Position:[2.13932281e-01 2.42321109e-04 1.39725926e-05 2.98540861e-03
 1.44500016e-03 0.00000000e+00 1.42684870e-03 1.18245319e-03
 1.32126427e-03 2.17809462e-03 6.03889967e-04 4.79739958e-04
 0.00000000e+00 1.18461773e-03 0.00000000e+00 1.35477735e-03
 1.11550056e-04 3.59922977e-03 1.43169629e-03 2.85289080e-03
 0.00000000e+00 1.98241918e-03 1.27704407e-03 1.51509638e-03
 2.04165795e-04 0.00000000e+00 2.49649028e-03 0.00000000e+00
 1.60926859e-04 5.52176173e-04]
--------------------------------------------------------------------------------------
Solution ID:  65
Fitness:[0.21473442 0.44984701]
Position:[2.14734417e-01 1.38134194e-04 1.84105392e-04 4.11427296e-03
 4.49586085e-04 5.78102256e-04 1.29751054e-03 1.32751757e-03
 1.14845369e-03 7.70416652e-04 3.20288775e-04 5.11422263e-04
 5.74287481e-04 5.20635446e-05 1.76797516e-02 1.82246962e-03
 8.08439752e-05 3.50427006e-04 8.65240119e-04 3.72786630e-04
 1.87093825e-03 0.00000000e+00 9.72266459e-04 3.03360855e-04
 2.77784487e-04 4.51806125e-04 3.92829292e-04 8.30907817e-04
 3.40833390e-04 1.74530959e-04]
--------------------------------------------------------------------------------------
Solution ID:  66
Fitness:[0.21483273 0.44248648]
Position:[2.14832733e-01 0.00000000e+00 0.00000000e+00 0.00000000e+00
 6.67683864e-04 0.00000000e+00 0.00000000e+00 1.38815947e-04
 4.76299959e-03 0.00000000e+00 1.23266035e-04 0.00000000e+00
 0.00000000e+00 3.32046859e-04 0.00000000e+00 1.35120125e-03
 0.00000000e+00 0.00000000e+00 0.00000000e+00 0.00000000e+00
 0.00000000e+00 0.00000000e+00 0.00000000e+00 0.00000000e+00
 0.00000000e+00 3.15650752e-03 0.00000000e+00 0.00000000e+00
 0.00000000e+00 0.00000000e+00]
--------------------------------------------------------------------------------------
Solution ID:  67
Fitness:[0.21836885 0.42210655]
Position:[2.18368852e-01 2.75690120e-04 1.41716641e-03 3.00606803e-03
 8.64147056e-04 1.80240334e-03 3.75170851e-04 1.98423176e-03
 1.51309779e-03 1.37844128e-03 6.32878034e-04 1.93876839e-03
 7.78411286e-04 1.25583190e-03 0.00000000e+00 5.72734869e-04
 4.52468335e-04 5.93952879e-04 7.12010052e-04 1.56857186e-03
 1.66965014e-03 5.17289561e-03 8.57617008e-04 1.65051565e-03
 9.80925447e-04 5.55275769e-04 1.61733791e-03 1.12895947e-03
 1.04609093e-03 8.67576666e-05]
--------------------------------------------------------------------------------------
Solution ID:  68
Fitness:[0.22051017 0.39846315]
Position:[0.22051017 0.         0.         0.         0.         0.
 0.         0.00072597 0.         0.00061193 0.         0.
 0.         0.         0.         0.00046477 0.         0.00031677
 0.         0.         0.         0.         0.         0.
 0.         0.         0.         0.         0.         0.        ]
--------------------------------------------------------------------------------------
Solution ID:  69
Fitness:[0.21873758 0.41784082]
Position:[2.18737582e-01 6.01279804e-04 3.57977683e-04 2.13667282e-03
 5.65237903e-04 4.57571724e-04 3.10577211e-04 8.24219331e-04
 2.05798742e-03 1.65131783e-03 3.46684352e-04 1.76775906e-04
 8.58167180e-04 2.05091781e-04 6.46621147e-03 9.03741697e-05
 2.94911913e-04 9.04977539e-04 7.80126141e-04 1.17287445e-03
 1.07395250e-03 3.08926539e-03 3.36448019e-04 2.64916674e-04
 2.12267768e-04 1.38086950e-03 1.15458992e-03 3.27160372e-04
 7.21214477e-04 5.48811613e-04]
--------------------------------------------------------------------------------------
Solution ID:  70
Fitness:[0.20912006 0.48940976]
Position:[2.09120061e-01 4.62598673e-04 3.17809739e-04 2.06167117e-03
 6.61846441e-04 3.89643073e-04 4.02452322e-04 6.67619873e-04
 1.28955778e-03 1.09665089e-03 5.00957299e-04 2.37332996e-04
 4.87568519e-04 3.23924039e-04 4.76611901e-03 1.44093081e-04
 2.41731235e-04 5.46255364e-04 6.49716955e-04 1.14762471e-03
 1.00286777e-03 2.63399212e-03 4.24751149e-04 3.49332295e-04
 2.34806139e-04 1.04874591e-03 6.76742984e-04 3.06881245e-04
 6.59596625e-04 5.07005835e-04]
--------------------------------------------------------------------------------------
Solution ID:  71
Fitness:[0.22263852 0.38292416]
Position:[2.22638518e-01 0.00000000e+00 0.00000000e+00 0.00000000e+00
 0.00000000e+00 0.00000000e+00 0.00000000e+00 1.11697305e-05
 0.00000000e+00 0.00000000e+00 0.00000000e+00 0.00000000e+00
 0.00000000e+00 0.00000000e+00 0.00000000e+00 3.85720143e-04
 0.00000000e+00 0.00000000e+00 1.43677971e-05 0.00000000e+00
 0.00000000e+00 0.00000000e+00 0.00000000e+00 0.00000000e+00
 0.00000000e+00 0.00000000e+00 0.00000000e+00 0.00000000e+00
 0.00000000e+00 0.00000000e+00]
--------------------------------------------------------------------------------------
Solution ID:  72
Fitness:[0.22598434 0.37182372]
Position:[2.25984336e-01 0.00000000e+00 1.27430451e-03 9.13557543e-03
 0.00000000e+00 0.00000000e+00 0.00000000e+00 1.34258957e-03
 9.67948832e-04 6.58667647e-04 1.75275355e-03 0.00000000e+00
 9.62539849e-04 0.00000000e+00 2.69467763e-02 1.64901657e-03
 1.65622462e-04 7.73515207e-04 0.00000000e+00 1.09327957e-03
 0.00000000e+00 1.69385871e-03 1.58304518e-04 7.19171285e-04
 0.00000000e+00 0.00000000e+00 3.04172091e-04 0.00000000e+00
 4.77814563e-04 0.00000000e+00]
--------------------------------------------------------------------------------------
Solution ID:  73
Fitness:[0.22730064 0.35201759]
Position:[2.27300639e-01 0.00000000e+00 0.00000000e+00 0.00000000e+00
 8.09436658e-05 0.00000000e+00 1.50771583e-04 0.00000000e+00
 0.00000000e+00 0.00000000e+00 5.78511218e-04 0.00000000e+00
 5.38260444e-04 7.67106704e-04 0.00000000e+00 0.00000000e+00
 0.00000000e+00 0.00000000e+00 0.00000000e+00 0.00000000e+00
 0.00000000e+00 0.00000000e+00 0.00000000e+00 3.50698817e-04
 0.00000000e+00 0.00000000e+00 0.00000000e+00 3.48475888e-04
 1.08369645e-04 0.00000000e+00]
--------------------------------------------------------------------------------------
Solution ID:  74
Fitness:[0.23120886 0.34279286]
Position:[2.31208857e-01 2.35752049e-03 4.76106668e-03 7.38322849e-03
 8.77849580e-04 4.52074183e-03 0.00000000e+00 1.86403859e-04
 0.00000000e+00 5.38488324e-03 4.48781201e-04 4.06940498e-04
 4.18963491e-03 3.80145880e-03 0.00000000e+00 3.17257546e-03
 2.42348589e-03 0.00000000e+00 0.00000000e+00 4.50792574e-03
 1.41158026e-03 5.62974253e-04 3.25434984e-03 4.29939822e-03
 1.34747361e-03 0.00000000e+00 4.24841529e-03 2.23720964e-03
 7.39087945e-04 4.01993444e-03]
--------------------------------------------------------------------------------------
Solution ID:  75
Fitness:[0.23235444 0.33799218]
Position:[0.23235444 0.00146073 0.         0.         0.00409536 0.00275623
 0.00345008 0.00145858 0.01854815 0.00173548 0.00417822 0.00286607
 0.00524149 0.0019235  0.         0.00373657 0.00442388 0.00192379
 0.00156311 0.         0.         0.         0.00067868 0.00106195
 0.00087913 0.0052034  0.         0.         0.0047552  0.00256534]
--------------------------------------------------------------------------------------
Solution ID:  76
Fitness:[0.23237434 0.32919751]
Position:[2.32374342e-01 2.02380312e-04 1.39257655e-03 2.70959953e-03
 1.19246730e-03 0.00000000e+00 4.94977174e-04 2.92280534e-03
 2.13693048e-03 2.03115930e-03 2.42311914e-03 7.87668403e-04
 0.00000000e+00 1.06395937e-03 0.00000000e+00 3.39356856e-03
 2.57125028e-03 2.93980841e-03 1.19705984e-03 2.32978368e-03
 0.00000000e+00 6.75892523e-04 7.30278522e-04 1.25328458e-03
 1.78803269e-04 5.24671979e-04 2.01659417e-03 0.00000000e+00
 1.32319319e-04 2.45152094e-03]
--------------------------------------------------------------------------------------
Solution ID:  77
Fitness:[0.22985682 0.34387631]
Position:[2.29856825e-01 1.26007690e-03 1.64980619e-03 4.72396338e-03
 1.59338775e-03 1.61522724e-03 0.00000000e+00 7.62151264e-04
 1.21147545e-05 2.64115417e-03 1.25876713e-06 6.64461654e-04
 1.89215491e-03 1.65272808e-03 0.00000000e+00 8.92364929e-04
 1.03218917e-03 3.78506347e-04 5.17259857e-04 3.75523164e-03
 1.49612491e-03 3.15703227e-05 1.93877290e-03 1.25589995e-03
 8.72003846e-04 8.45435350e-06 2.35721417e-03 1.02253759e-03
 5.80803200e-04 2.05688291e-03]
--------------------------------------------------------------------------------------
Solution ID:  78
Fitness:[0.22718307 0.3602791 ]
Position:[2.27183071e-01 1.45825053e-03 1.78305890e-05 5.41290301e-03
 7.99687567e-04 1.06177885e-03 6.10340772e-04 2.20616326e-04
 5.81257441e-04 9.63445781e-04 3.22419166e-04 5.28110246e-04
 1.02826985e-03 4.29254977e-04 8.88939192e-03 4.61476324e-04
 1.28884399e-04 4.22059218e-04 5.56010812e-04 1.62182254e-03
 1.84428324e-03 3.04592374e-03 1.39172264e-03 2.51478524e-05
 1.92580520e-04 4.65829359e-04 8.54695926e-05 7.34978409e-04
 9.29682647e-04 3.89258071e-04]
--------------------------------------------------------------------------------------
Solution ID:  79
Fitness:[0.23412475 0.31056693]
Position:[2.34124755e-01 0.00000000e+00 0.00000000e+00 0.00000000e+00
 0.00000000e+00 0.00000000e+00 0.00000000e+00 0.00000000e+00
 0.00000000e+00 0.00000000e+00 0.00000000e+00 0.00000000e+00
 0.00000000e+00 0.00000000e+00 0.00000000e+00 0.00000000e+00
 0.00000000e+00 1.56836778e-04 0.00000000e+00 0.00000000e+00
 0.00000000e+00 0.00000000e+00 0.00000000e+00 0.00000000e+00
 0.00000000e+00 0.00000000e+00 0.00000000e+00 0.00000000e+00
 0.00000000e+00 0.00000000e+00]
--------------------------------------------------------------------------------------
Solution ID:  80
Fitness:[0.23672668 0.30704268]
Position:[0.23672668 0.0003487  0.         0.         0.00182129 0.
 0.00050539 0.0024281  0.         0.00321994 0.00239631 0.00180145
 0.00123043 0.0024559  0.00228651 0.00182651 0.         0.00781521
 0.00354559 0.00402596 0.         0.         0.0006931  0.00248368
 0.         0.         0.00053352 0.         0.00184619 0.00140024]
--------------------------------------------------------------------------------------
Solution ID:  81
Fitness:[0.24085429 0.27931603]
Position:[0.24085429 0.         0.         0.         0.         0.
 0.         0.0008575  0.         0.00122123 0.         0.
 0.00047765 0.         0.         0.         0.         0.00042121
 0.00058024 0.         0.         0.         0.         0.
 0.         0.         0.00099323 0.         0.         0.        ]
--------------------------------------------------------------------------------------
Solution ID:  82
Fitness:[0.24329328 0.2745846 ]
Position:[2.43293283e-01 0.00000000e+00 0.00000000e+00 2.08166007e-03
 0.00000000e+00 1.11785194e-04 1.46295335e-03 9.00040207e-04
 0.00000000e+00 0.00000000e+00 1.92506561e-04 4.22597825e-04
 0.00000000e+00 0.00000000e+00 1.57561234e-02 1.77162297e-03
 4.48807676e-04 0.00000000e+00 0.00000000e+00 2.18351820e-05
 3.26224861e-04 0.00000000e+00 5.77026219e-04 1.48409310e-04
 0.00000000e+00 0.00000000e+00 0.00000000e+00 1.78115738e-05
 0.00000000e+00 3.17786965e-04]
--------------------------------------------------------------------------------------
Solution ID:  83
Fitness:[0.24952305 0.27154931]
Position:[0.24952305 0.0016721  0.00133554 0.00888374 0.00378161 0.00188794
 0.00296082 0.00243704 0.00373887 0.00163948 0.00394922 0.00134121
 0.00104045 0.00224946 0.00740163 0.00046337 0.00082738 0.00150711
 0.00221978 0.00616396 0.00419403 0.0104271  0.00116696 0.0031492
 0.00145222 0.00580216 0.00138842 0.00155798 0.00243412 0.00106374]
--------------------------------------------------------------------------------------
Solution ID:  84
Fitness:[0.25075954 0.25051804]
Position:[0.25075954 0.         0.         0.         0.         0.
 0.00102816 0.00092938 0.         0.         0.         0.
 0.         0.         0.00452558 0.00169271 0.         0.
 0.         0.         0.         0.         0.00026954 0.
 0.         0.         0.         0.         0.         0.        ]
--------------------------------------------------------------------------------------
Solution ID:  85
Fitness:[0.26223234 0.24480738]
Position:[0.26223234 0.         0.         0.         0.         0.
 0.         0.         0.         0.         0.         0.
 0.         0.         0.         0.         0.         0.
 0.         0.         0.         0.         0.         0.
 0.         0.         0.         0.         0.         0.        ]
--------------------------------------------------------------------------------------
Solution ID:  86
Fitness:[0.00334019 0.95901875]
Position:[3.34019130e-03 7.47011409e-04 0.00000000e+00 0.00000000e+00
 9.48270876e-04 9.05945734e-04 0.00000000e+00 0.00000000e+00
 2.64036167e-03 0.00000000e+00 0.00000000e+00 2.05768952e-03
 0.00000000e+00 1.06702711e-03 4.49073918e-02 6.04023497e-04
 7.83260634e-05 4.17579400e-04 0.00000000e+00 0.00000000e+00
 0.00000000e+00 0.00000000e+00 0.00000000e+00 2.63766609e-04
 5.93646936e-04 4.09400960e-04 0.00000000e+00 3.11103244e-04
 0.00000000e+00 9.89685553e-04]
--------------------------------------------------------------------------------------
Solution ID:  87
Fitness:[0.0045075  0.93292638]
Position:[0.0045075  0.         0.         0.         0.         0.
 0.00233533 0.         0.         0.         0.         0.
 0.         0.         0.         0.         0.         0.
 0.         0.         0.         0.         0.         0.
 0.         0.         0.         0.         0.         0.        ]
--------------------------------------------------------------------------------------
Solution ID:  88
Fitness:[0.00621276 0.92008441]
Position:[0.00621276 0.         0.         0.         0.         0.
 0.         0.         0.         0.         0.         0.
 0.00037022 0.         0.         0.         0.         0.
 0.         0.         0.         0.         0.         0.
 0.         0.         0.         0.         0.         0.        ]
--------------------------------------------------------------------------------------
Solution ID:  89
Fitness:[0.00166157 0.98459164]
Position:[0.00166157 0.00046819 0.00328005 0.00873193 0.00034174 0.00142621
 0.00167995 0.00323047 0.00063904 0.00338572 0.00354699 0.00068353
 0.00155865 0.00155566 0.02370999 0.00438319 0.00156196 0.00079656
 0.00042212 0.00694966 0.         0.00675119 0.00083849 0.0009584
 0.         0.         0.00140051 0.00064594 0.00235788 0.00236611]
--------------------------------------------------------------------------------------
Solution ID:  90
Fitness:[0.00187777 0.96859766]
Position:[0.00187777 0.0033155  0.         0.         0.         0.00375029
 0.         0.         0.         0.00586567 0.         0.
 0.0071092  0.         0.         0.         0.         0.00574576
 0.00279224 0.         0.         0.         0.         0.
 0.         0.         0.00629297 0.         0.00291077 0.00187506]
--------------------------------------------------------------------------------------
Solution ID:  91
Fitness:[0.00328215 0.96676875]
Position:[0.00328215 0.00064867 0.00012761 0.00873429 0.0038952  0.00029759
 0.00039719 0.00108648 0.00559499 0.0003135  0.00103872 0.00048577
 0.0015336  0.00223617 0.0025545  0.00075269 0.00070429 0.00036157
 0.00076434 0.00291318 0.00270107 0.03958372 0.00027865 0.0007821
 0.00023045 0.0014098  0.00044773 0.00036657 0.00042107 0.00025342]
--------------------------------------------------------------------------------------
Solution ID:  92
Fitness:[0.01036337 0.9031727 ]
Position:[1.03633697e-02 2.05629982e-03 6.49564675e-05 0.00000000e+00
 0.00000000e+00 0.00000000e+00 5.42944524e-04 2.45584849e-05
 9.23132981e-03 0.00000000e+00 3.11964831e-05 2.44685247e-03
 0.00000000e+00 1.02655051e-04 6.47455287e-03 7.98707115e-05
 1.10553906e-03 1.34524951e-04 0.00000000e+00 3.55824591e-03
 0.00000000e+00 7.86368101e-06 9.18615556e-05 5.21923215e-05
 8.88895294e-05 5.62655688e-05 0.00000000e+00 0.00000000e+00
 1.36723002e-04 1.84774181e-03]
--------------------------------------------------------------------------------------
Solution ID:  93
Fitness:[0.00980146 0.90902334]
Position:[9.80146224e-03 0.00000000e+00 1.26228312e-03 0.00000000e+00
 2.33870353e-04 0.00000000e+00 0.00000000e+00 0.00000000e+00
 1.53865650e-03 0.00000000e+00 0.00000000e+00 1.14950173e-04
 0.00000000e+00 0.00000000e+00 2.56788643e-02 7.55354409e-05
 1.18190515e-04 0.00000000e+00 0.00000000e+00 0.00000000e+00
 0.00000000e+00 5.56061101e-03 3.38100148e-04 3.50489484e-04
 4.84247674e-04 1.51642419e-03 0.00000000e+00 0.00000000e+00
 0.00000000e+00 0.00000000e+00]
--------------------------------------------------------------------------------------
Solution ID:  94
Fitness:[0. 1.]
Position:[0. 0. 0. 0. 0. 0. 0. 0. 0. 0. 0. 0. 0. 0. 0. 0. 0. 0. 0. 0. 0. 0. 0. 0.
 0. 0. 0. 0. 0. 0.]
--------------------------------------------------------------------------------------
Solution ID:  95
Fitness:[0.01359928 0.8859388 ]
Position:[0.01359928 0.         0.         0.         0.         0.
 0.         0.         0.         0.         0.         0.
 0.         0.         0.02748413 0.00053498 0.         0.
 0.         0.         0.         0.         0.         0.
 0.         0.         0.         0.         0.         0.        ]
--------------------------------------------------------------------------------------
Solution ID:  96
Fitness:[0.01434143 0.87399918]
Position:[0.01434143 0.         0.         0.         0.         0.
 0.         0.         0.         0.         0.         0.
 0.         0.         0.         0.         0.         0.
 0.         0.         0.         0.         0.         0.
 0.         0.         0.         0.         0.         0.        ]
--------------------------------------------------------------------------------------
Solution ID:  97
Fitness:[0.0180233  0.85677121]
Position:[0.0180233  0.         0.         0.         0.         0.
 0.         0.         0.         0.         0.00238536 0.
 0.         0.         0.         0.         0.         0.
 0.         0.         0.         0.         0.         0.
 0.         0.         0.         0.         0.         0.        ]
--------------------------------------------------------------------------------------
Solution ID:  98
Fitness:[0.02403051 0.84334006]
Position:[0.02403051 0.         0.         0.         0.         0.
 0.         0.         0.         0.         0.         0.
 0.         0.00174443 0.03448248 0.         0.         0.
 0.         0.         0.         0.01446026 0.         0.
 0.         0.         0.         0.0010773  0.         0.        ]
--------------------------------------------------------------------------------------
Solution ID:  99
Fitness:[0.02715627 0.82378745]
Position:[2.71562723e-02 0.00000000e+00 0.00000000e+00 0.00000000e+00
 0.00000000e+00 8.58645444e-04 0.00000000e+00 6.49493950e-05
 0.00000000e+00 2.65012426e-03 9.62442030e-04 0.00000000e+00
 2.27422459e-03 0.00000000e+00 1.54781352e-02 0.00000000e+00
 5.96542964e-04 2.40699302e-03 1.03543767e-03 7.94273321e-04
 0.00000000e+00 0.00000000e+00 1.08956935e-04 0.00000000e+00
 0.00000000e+00 0.00000000e+00 1.07979171e-03 0.00000000e+00
 1.92248266e-03 1.49466383e-03]
--------------------------------------------------------------------------------------
Solution ID:  100
Fitness:[0.02803423 0.82068635]
Position:[2.80342288e-02 0.00000000e+00 0.00000000e+00 0.00000000e+00
 1.78348136e-03 0.00000000e+00 2.92682248e-03 0.00000000e+00
 7.05239318e-04 0.00000000e+00 0.00000000e+00 0.00000000e+00
 0.00000000e+00 0.00000000e+00 3.06367311e-03 2.18902043e-03
 0.00000000e+00 0.00000000e+00 0.00000000e+00 6.82810748e-03
 1.15777848e-02 4.98940199e-03 0.00000000e+00 0.00000000e+00
 0.00000000e+00 1.46677650e-04 3.53612734e-05 0.00000000e+00
 0.00000000e+00 0.00000000e+00]
--------------------------------------------------------------------------------------
Solution ID:  101
Fitness:[0.02891809 0.81044247]
Position:[2.89180887e-02 0.00000000e+00 0.00000000e+00 0.00000000e+00
 6.58900823e-04 0.00000000e+00 3.45864789e-03 9.70014194e-04
 0.00000000e+00 0.00000000e+00 0.00000000e+00 1.41776876e-03
 0.00000000e+00 2.88028609e-03 0.00000000e+00 1.79039589e-03
 0.00000000e+00 0.00000000e+00 0.00000000e+00 0.00000000e+00
 0.00000000e+00 0.00000000e+00 9.19191442e-05 1.60116281e-04
 1.91555797e-04 0.00000000e+00 0.00000000e+00 0.00000000e+00
 0.00000000e+00 0.00000000e+00]
--------------------------------------------------------------------------------------
Solution ID:  102
Fitness:[0.02556129 0.82592647]
Position:[2.55612924e-02 0.00000000e+00 0.00000000e+00 0.00000000e+00
 5.21459169e-05 0.00000000e+00 0.00000000e+00 1.32451793e-04
 1.22654623e-03 0.00000000e+00 7.04274512e-04 1.33655072e-04
 0.00000000e+00 6.92881455e-04 0.00000000e+00 8.35689876e-04
 0.00000000e+00 1.15970652e-03 0.00000000e+00 2.65503918e-03
 4.36599245e-03 2.34149163e-03 3.24517735e-04 6.90390069e-05
 0.00000000e+00 0.00000000e+00 0.00000000e+00 0.00000000e+00
 0.00000000e+00 0.00000000e+00]
--------------------------------------------------------------------------------------
Solution ID:  103
Fitness:[0.03250474 0.80573565]
Position:[0.03250474 0.         0.         0.         0.00238084 0.
 0.00374013 0.0030874  0.         0.00471293 0.00242183 0.00580863
 0.         0.00629785 0.         0.00337556 0.00271281 0.
 0.         0.         0.00330136 0.         0.         0.00328825
 0.00193112 0.         0.00295539 0.         0.         0.00264092]
--------------------------------------------------------------------------------------
Solution ID:  104
Fitness:[0.03735015 0.78313169]
Position:[0.03735015 0.00472082 0.         0.         0.         0.00167558
 0.00216168 0.00120507 0.         0.00228796 0.00116689 0.
 0.00281801 0.         0.         0.00152197 0.0016772  0.00450378
 0.         0.00501342 0.         0.         0.         0.00086246
 0.00088873 0.         0.00274656 0.         0.00215115 0.00322628]
--------------------------------------------------------------------------------------
Solution ID:  105
Fitness:[0.03944642 0.76409064]
Position:[0.03944642 0.         0.         0.         0.         0.
 0.         0.         0.         0.         0.         0.
 0.         0.         0.         0.         0.         0.
 0.         0.         0.         0.         0.         0.
 0.         0.         0.         0.         0.         0.        ]
--------------------------------------------------------------------------------------
Solution ID:  106
Fitness:[0.04014479 0.76144511]
Position:[0.04014479 0.         0.         0.         0.         0.
 0.00015307 0.         0.         0.         0.         0.
 0.         0.         0.         0.         0.         0.
 0.         0.         0.         0.         0.         0.
 0.         0.         0.         0.         0.         0.        ]
--------------------------------------------------------------------------------------
Solution ID:  107
Fitness:[0.04612513 0.74858687]
Position:[0.04612513 0.         0.         0.         0.         0.
 0.         0.         0.         0.         0.         0.0039467
 0.         0.         0.02903117 0.         0.         0.
 0.         0.         0.         0.         0.         0.
 0.         0.         0.         0.         0.         0.        ]
--------------------------------------------------------------------------------------
Solution ID:  108
Fitness:[0.04711544 0.7423377 ]
Position:[0.04711544 0.         0.         0.         0.         0.
 0.00099418 0.         0.         0.         0.         0.00327846
 0.         0.         0.         0.         0.         0.
 0.         0.0133135  0.         0.         0.00051295 0.
 0.         0.00117096 0.         0.         0.00357133 0.        ]
--------------------------------------------------------------------------------------
Solution ID:  109
Fitness:[0.03833271 0.77146323]
Position:[3.83327109e-02 0.00000000e+00 0.00000000e+00 0.00000000e+00
 0.00000000e+00 0.00000000e+00 2.66986055e-03 0.00000000e+00
 0.00000000e+00 6.10828193e-04 3.63668308e-04 1.35838279e-03
 1.20815099e-03 0.00000000e+00 1.33583603e-03 2.42946314e-04
 1.19966374e-04 0.00000000e+00 4.79083616e-04 0.00000000e+00
 4.66710868e-04 0.00000000e+00 5.64700844e-04 0.00000000e+00
 2.46524893e-05 0.00000000e+00 1.06504716e-03 2.55455367e-04
 8.16852116e-05 0.00000000e+00]
--------------------------------------------------------------------------------------
Solution ID:  110
Fitness:[0.03485944 0.78690414]
Position:[3.48594426e-02 8.75095727e-04 1.93222312e-04 2.85564284e-03
 0.00000000e+00 0.00000000e+00 1.23642617e-04 7.90257735e-04
 0.00000000e+00 1.07800046e-03 2.60858089e-04 3.36157305e-04
 0.00000000e+00 0.00000000e+00 0.00000000e+00 6.35487487e-04
 4.89348623e-04 2.26449734e-03 9.20131368e-04 8.24704542e-06
 1.64423298e-03 1.07668061e-03 0.00000000e+00 2.20823844e-04
 0.00000000e+00 6.41887460e-04 5.28779638e-04 5.26893779e-04
 0.00000000e+00 8.79152158e-04]
--------------------------------------------------------------------------------------
Solution ID:  111
Fitness:[0.04446679 0.74980981]
Position:[4.44667898e-02 1.52883650e-05 0.00000000e+00 1.14345019e-05
 2.85264361e-04 1.83228469e-05 8.49147630e-04 6.52029360e-04
 0.00000000e+00 0.00000000e+00 0.00000000e+00 2.10818166e-05
 2.55465402e-05 0.00000000e+00 1.21584852e-02 1.27745392e-03
 0.00000000e+00 1.47207889e-05 2.23475510e-05 6.32780371e-05
 1.76472414e-05 0.00000000e+00 3.44106673e-04 9.11397918e-05
 5.59218239e-05 1.75305794e-04 0.00000000e+00 0.00000000e+00
 2.87164214e-05 0.00000000e+00]
--------------------------------------------------------------------------------------
Solution ID:  112
Fitness:[0.04984818 0.73206433]
Position:[0.04984818 0.         0.         0.00426458 0.         0.
 0.         0.00111735 0.         0.         0.00134587 0.
 0.         0.         0.         0.00281782 0.         0.
 0.00062161 0.00072002 0.         0.00393944 0.         0.00064874
 0.         0.00330609 0.         0.         0.         0.        ]
--------------------------------------------------------------------------------------
Solution ID:  113
Fitness:[0.05153255 0.72151936]
Position:[0.05153255 0.         0.         0.         0.         0.
 0.         0.         0.         0.         0.         0.
 0.         0.         0.         0.         0.         0.
 0.         0.         0.         0.         0.         0.
 0.         0.         0.         0.         0.         0.        ]
--------------------------------------------------------------------------------------
Solution ID:  114
Fitness:[0.05772961 0.70550499]
Position:[5.77296081e-02 2.56649169e-05 0.00000000e+00 0.00000000e+00
 0.00000000e+00 0.00000000e+00 0.00000000e+00 0.00000000e+00
 1.81829950e-04 8.38414495e-05 0.00000000e+00 2.28750305e-04
 3.52076360e-04 0.00000000e+00 1.38878389e-03 3.93025880e-03
 0.00000000e+00 0.00000000e+00 0.00000000e+00 0.00000000e+00
 0.00000000e+00 2.81444902e-04 0.00000000e+00 0.00000000e+00
 0.00000000e+00 0.00000000e+00 0.00000000e+00 0.00000000e+00
 0.00000000e+00 1.58055804e-04]
--------------------------------------------------------------------------------------
Solution ID:  115
Fitness:[0.06351432 0.69010413]
Position:[0.06351432 0.         0.         0.         0.         0.
 0.         0.         0.         0.         0.         0.
 0.         0.         0.         0.         0.         0.
 0.         0.         0.         0.         0.         0.
 0.         0.         0.         0.         0.         0.        ]
--------------------------------------------------------------------------------------
Solution ID:  116
Fitness:[0.06672935 0.68787881]
Position:[0.06672935 0.         0.         0.         0.         0.
 0.         0.00251505 0.         0.         0.         0.
 0.0033109  0.         0.         0.         0.         0.
 0.00226559 0.         0.         0.         0.         0.
 0.         0.         0.00642004 0.         0.         0.        ]
--------------------------------------------------------------------------------------
Solution ID:  117
Fitness:[0.06920097 0.68564881]
Position:[0.06920097 0.         0.         0.         0.         0.00083022
 0.         0.00151791 0.         0.         0.00160783 0.
 0.00022014 0.         0.         0.01238259 0.         0.00169999
 0.00036093 0.         0.         0.         0.         0.
 0.         0.         0.         0.         0.00189517 0.00061956]
--------------------------------------------------------------------------------------
Solution ID:  118
Fitness:[0.07761878 0.6832998 ]
Position:[0.07761878 0.         0.         0.         0.         0.00168693
 0.         0.         0.         0.00438031 0.         0.
 0.00552043 0.         0.02405232 0.         0.         0.00280167
 0.00025494 0.         0.         0.         0.         0.
 0.         0.         0.00448719 0.         0.00011901 0.00193347]
--------------------------------------------------------------------------------------
Solution ID:  119
Fitness:[0.07817152 0.67260364]
Position:[7.81715247e-02 0.00000000e+00 0.00000000e+00 0.00000000e+00
 0.00000000e+00 6.20160919e-04 0.00000000e+00 0.00000000e+00
 0.00000000e+00 0.00000000e+00 0.00000000e+00 0.00000000e+00
 0.00000000e+00 0.00000000e+00 0.00000000e+00 0.00000000e+00
 0.00000000e+00 0.00000000e+00 1.53632579e-03 2.28185076e-03
 0.00000000e+00 0.00000000e+00 6.59485243e-06 1.09866384e-03
 0.00000000e+00 1.38152308e-04 0.00000000e+00 0.00000000e+00
 6.80000991e-04 0.00000000e+00]
--------------------------------------------------------------------------------------
Solution ID:  120
Fitness:[ 0.82763965 -0.53418798]
Position:[8.27639650e-01 0.00000000e+00 1.07294882e-05 4.61748681e-04
 0.00000000e+00 4.92763373e-04 4.50781285e-03 5.69875892e-04
 6.27226614e-03 1.02724915e-04 2.57979515e-04 1.48669565e-03
 3.97276467e-05 0.00000000e+00 9.54559083e-03 3.58498368e-03
 0.00000000e+00 3.28146907e-04 1.05281685e-04 6.18348137e-03
 1.85354383e-03 2.56783143e-03 6.47048821e-05 0.00000000e+00
 3.19046910e-04 0.00000000e+00 1.61349456e-03 9.71501942e-04
 7.75411545e-04 6.41021113e-04]
--------------------------------------------------------------------------------------
Solution ID:  121
Fitness:[ 0.8294574  -0.55117444]
Position:[8.29457402e-01 0.00000000e+00 8.49520062e-04 1.81683122e-02
 6.61891048e-03 0.00000000e+00 2.68347639e-05 0.00000000e+00
 1.84450355e-02 0.00000000e+00 0.00000000e+00 9.20962848e-04
 0.00000000e+00 2.69453823e-03 5.62532318e-02 3.05404353e-03
 0.00000000e+00 0.00000000e+00 0.00000000e+00 0.00000000e+00
 0.00000000e+00 1.29418721e-02 8.85070212e-05 0.00000000e+00
 1.11729666e-04 1.01397362e-02 0.00000000e+00 0.00000000e+00
 0.00000000e+00 0.00000000e+00]
--------------------------------------------------------------------------------------
Solution ID:  122
Fitness:[ 0.82968577 -0.57515637]
Position:[0.82968577 0.         0.         0.         0.         0.
 0.         0.         0.00516583 0.         0.         0.
 0.         0.         0.00723487 0.         0.         0.
 0.         0.         0.         0.         0.         0.
 0.         0.         0.         0.         0.         0.        ]
--------------------------------------------------------------------------------------
Solution ID:  123
Fitness:[ 0.82850207 -0.54280772]
Position:[8.28502073e-01 0.00000000e+00 0.00000000e+00 0.00000000e+00
 2.90282281e-03 5.52986595e-05 0.00000000e+00 3.76301485e-03
 3.42008030e-03 5.60339402e-03 5.45965267e-03 2.67522337e-03
 0.00000000e+00 5.63523683e-03 0.00000000e+00 3.82358997e-03
 0.00000000e+00 1.57311707e-02 6.29858578e-03 9.44721519e-03
 0.00000000e+00 5.59851518e-03 3.49239507e-03 5.35550632e-03
 1.55942549e-04 0.00000000e+00 0.00000000e+00 0.00000000e+00
 0.00000000e+00 3.14334766e-03]
--------------------------------------------------------------------------------------
Solution ID:  124
Fitness:[ 0.82611034 -0.45435754]
Position:[8.26110338e-01 6.45273646e-03 5.64800093e-03 5.42278317e-02
 1.38785753e-02 1.99641499e-03 2.68785768e-03 1.35736852e-03
 3.03824904e-02 7.80392302e-04 3.23997951e-03 3.72553226e-03
 3.55935021e-04 6.24287121e-03 8.07059346e-02 4.01695610e-04
 2.75920470e-03 4.92744714e-04 9.27751036e-04 1.14325483e-02
 1.51884338e-02 5.97150262e-02 3.51150260e-03 2.26826586e-03
 2.78462244e-03 1.76630882e-02 8.03719021e-05 5.64191273e-03
 3.17047532e-03 1.97867632e-03]
--------------------------------------------------------------------------------------
Solution ID:  125
Fitness:[ 0.83409453 -0.59512181]
Position:[8.34094527e-01 1.59549882e-02 7.71053296e-03 1.74113496e-02
 1.96084493e-02 4.36719883e-03 4.46632970e-03 0.00000000e+00
 2.55253862e-03 1.12520406e-06 7.36322453e-04 4.69045509e-03
 9.37323234e-03 9.06070245e-03 7.11298390e-02 2.17260599e-03
 1.36485933e-02 6.80487935e-04 5.16448976e-05 2.86798687e-03
 7.94050899e-03 4.31653093e-02 1.45962131e-02 5.13230317e-03
 1.53737566e-02 8.13618046e-04 1.21915950e-02 1.77076775e-03
 4.71430434e-03 6.30406489e-04]
--------------------------------------------------------------------------------------
Solution ID:  126
Fitness:[ 0.83541956 -0.64365808]
Position:[8.35419560e-01 0.00000000e+00 4.32453589e-04 2.15082204e-02
 6.96381522e-03 0.00000000e+00 0.00000000e+00 0.00000000e+00
 1.94112365e-02 0.00000000e+00 0.00000000e+00 6.91306418e-04
 0.00000000e+00 2.96880364e-03 4.00406035e-02 2.41592539e-03
 0.00000000e+00 0.00000000e+00 0.00000000e+00 0.00000000e+00
 0.00000000e+00 8.83114574e-03 8.38634038e-04 4.45910794e-04
 5.23511669e-04 1.06955993e-02 0.00000000e+00 0.00000000e+00
 0.00000000e+00 0.00000000e+00]
--------------------------------------------------------------------------------------
Solution ID:  127
Fitness:[ 0.84103358 -0.68958865]
Position:[0.84103358 0.00520423 0.00515759 0.04643039 0.01182468 0.
 0.00084497 0.         0.02870223 0.         0.00213899 0.00238076
 0.         0.00509331 0.         0.         0.00094082 0.
 0.         0.00827708 0.01226474 0.04918076 0.00291893 0.00100757
 0.00229845 0.01655668 0.         0.00445019 0.00210392 0.        ]
--------------------------------------------------------------------------------------
Solution ID:  128
Fitness:[ 0.8454692  -0.74331986]
Position:[8.45469202e-01 0.00000000e+00 0.00000000e+00 0.00000000e+00
 2.73919694e-03 0.00000000e+00 0.00000000e+00 3.49745360e-03
 3.25179614e-03 5.29179303e-03 5.10750166e-03 2.75304978e-03
 0.00000000e+00 5.15551547e-03 0.00000000e+00 3.45838274e-03
 0.00000000e+00 1.45992730e-02 5.86299497e-03 8.94560183e-03
 0.00000000e+00 5.90712070e-03 3.22337151e-03 4.90023769e-03
 0.00000000e+00 1.24445819e-04 0.00000000e+00 0.00000000e+00
 0.00000000e+00 2.87874831e-03]
--------------------------------------------------------------------------------------
