0.34729134543704354 0.41272491258729477
0.3392022376998336 0.4268688724431209
0.30213189852311795 0.45197800869993227
0.3394292354942895 0.41929742452810986
0.32915409109546145 0.4411058226553806
0.2693110693503798 0.482210686992453
0.2723728644784983 0.4821262506625693
0.29515481839958824 0.4597157628859538
0.29448063370653 0.46714594801325043
0.28219607480728237 0.4751826304705416
0.26534912949766853 0.48921857166473226
0.26454950898517987 0.49103519785335004
0.07146616695301722 0.7373850970393098
0.07539471114803054 0.7290771253433994
0.0696576083134538 0.7427891370420305
0.06526053456276637 0.7478879208302796
0.6321355704735148 0.20799553576766086
0.6410400953375684 0.20057229944835575
0.6497157352625313 0.19404541241056233
0.11019642278564834 0.6753834935411521
0.12125455658132978 0.657155336289544
0.14482526810377694 0.6195364146105408
0.1069712209650032 0.681566900392222
0.1379356943492296 0.6331611145360253
0.20403990133744498 0.5503768674902603
0.21083961041782626 0.5445943674133796
0.2225173584158634 0.5317383954269872
0.2263742449436273 0.5294655677055943
0.22124902278262423 0.5333743732720908
0.40252142829488324 0.3750947801512257
0.42825318486301595 0.34906853008843713
0.4458005610714193 0.33689146987094487
0.4206440937884085 0.3554635588512709
0.46321421952766917 0.32041902584097826
0.4503972117437616 0.33454065041051173
0.489297575254721 0.3016143402362647
0.15963422153169848 0.608703605812397
0.16145331720471223 0.6028969448200816
0.16505230995484033 0.5973033443316869
0.6670525865137154 0.18466307077859834
0.6772709217367854 0.17934746813572236
0.6908225955228382 0.1740179776080402
0.7974270013758322 0.10811764634538305
0.7967357958578029 0.1086772718032602
0.7691059549459457 0.1249097982883938
0.763260721319142 0.1272666105136208
0.7965338345458387 0.11023466393865036
0.7841160754247498 0.11608849554952527
0.7693500164165177 0.12360277333934107
0.7817304123301424 0.12073749356746655
0.7522753546499428 0.13423896181603878
0.031657583542445744 0.8473842126819888
0.03199421496058644 0.8261987562366182
0.9086990027248569 0.05007024120795139
0.9203797941337049 0.041427397292733446
0.92612993481216 0.03874214107460173
0.9015573148680667 0.05049627969761661
0.5032542456217903 0.2905958517024373
0.5163182575222864 0.2838473363340669
0.5459748820162722 0.262278966062243
0.9642339023752806 0.018045875625912644
0.9777818851667036 0.011586029388626122
0.957951996258645 0.021544022864570314
0.7411314585671033 0.1400360338899725
0.7331379562267594 0.14478213547182736
0.7147194912258026 0.15742543435934364
0.710293788658483 0.1586356708849077
0.7388356645690473 0.14156526041359066
0.7195698211757368 0.15354019153956905
0.7290528671631126 0.14927830970514228
0.7352725456543329 0.14471088744720573
0.7236367206676073 0.1520928725515406
0.371277679495893 0.39092473964753055
0.39106834448055183 0.375581321673721
0.5888220549466978 0.23268489385496066
0.5816785744120867 0.2391563773062251
0.5514038014844657 0.2583325407725202
0.5977506499765766 0.22963764842357987
0.5808247367166207 0.24518289797834827
0.5626187121528743 0.25034514706470934
0.561842305805011 0.2533878468121668
0.5674452416649454 0.24961162432763706
0.8197958088584137 0.09537314730050388
0.8287521310320136 0.0917306241570205
0.8055253312317762 0.10301482254653882
0.8042503009791175 0.10731894786025298
0.8387380989294577 0.08826432708338232
0.8178915721779327 0.09763402889106773
1.0 0.0
0.007414189632591481 0.9152928311181313
0.010706192900908396 0.903194434470937
0.0 1.0005019578652705
0.852220300092319 0.08179969585163954
0.8560466475542186 0.07694559330886974
0.8826871840597013 0.0642767406438668
0.8526315583885106 0.07901850566081992
0.869652292660097 0.07236925344939607
0.8943234058486826 0.0562361680310296
0.8793128553087377 0.06651420161977496
0.17843380151942748 0.5830926175862129
