Solution ID:  0
Fitness:[0.34729135 0.41272491]
Position:[3.47291345e-01 2.28808412e-03 2.12113604e-04 1.31699550e-04
 0.00000000e+00 1.03034566e-04 0.00000000e+00 3.96718564e-03
 1.91562810e-05 3.17558271e-05 1.54718225e-05 0.00000000e+00
 0.00000000e+00 5.15843485e-04 3.49802128e-04 3.85071724e-05
 0.00000000e+00 1.78180159e-05 0.00000000e+00 0.00000000e+00
 1.77680114e-05 0.00000000e+00 0.00000000e+00 0.00000000e+00
 0.00000000e+00 0.00000000e+00 2.37314220e-04 1.34965743e-05
 1.28726233e-05 1.34102199e-03]
--------------------------------------------------------------------------------------
Solution ID:  1
Fitness:[0.33920224 0.42686887]
Position:[3.39202238e-01 6.04934318e-03 5.29215997e-04 4.94953125e-04
 5.31710180e-04 5.54935927e-04 1.47717532e-04 1.17433642e-03
 2.30044517e-04 4.78080350e-04 2.58916778e-04 4.66617882e-05
 9.20637265e-03 2.34626976e-04 3.83937858e-04 1.03391170e-03
 5.17586943e-04 2.74551816e-04 0.00000000e+00 0.00000000e+00
 7.20283674e-04 3.36697329e-04 1.64894685e-05 4.09347021e-04
 1.09420798e-02 4.37274651e-04 6.62315620e-05 5.34858577e-05
 0.00000000e+00 7.00053639e-03]
--------------------------------------------------------------------------------------
Solution ID:  2
Fitness:[0.3021319  0.45197801]
Position:[3.02131899e-01 0.00000000e+00 1.85621394e-04 0.00000000e+00
 0.00000000e+00 9.50722630e-05 2.72729918e-05 0.00000000e+00
 3.39770533e-04 1.23067547e-04 0.00000000e+00 4.89411612e-05
 4.46817392e-03 0.00000000e+00 2.99706826e-04 3.63501068e-04
 0.00000000e+00 1.70371946e-04 0.00000000e+00 2.46558539e-04
 4.76785244e-05 0.00000000e+00 0.00000000e+00 0.00000000e+00
 0.00000000e+00 1.20371875e-04 0.00000000e+00 0.00000000e+00
 7.64058857e-04 0.00000000e+00]
--------------------------------------------------------------------------------------
Solution ID:  3
Fitness:[0.33942924 0.41929742]
Position:[3.39429235e-01 0.00000000e+00 0.00000000e+00 8.20427456e-05
 0.00000000e+00 0.00000000e+00 0.00000000e+00 0.00000000e+00
 0.00000000e+00 0.00000000e+00 2.21949928e-05 0.00000000e+00
 0.00000000e+00 0.00000000e+00 0.00000000e+00 0.00000000e+00
 0.00000000e+00 0.00000000e+00 0.00000000e+00 0.00000000e+00
 3.80697781e-04 0.00000000e+00 0.00000000e+00 1.47861574e-05
 7.99103179e-03 1.59120786e-04 0.00000000e+00 0.00000000e+00
 0.00000000e+00 0.00000000e+00]
--------------------------------------------------------------------------------------
Solution ID:  4
Fitness:[0.32915409 0.44110582]
Position:[3.29154091e-01 9.02008441e-03 3.42902897e-04 8.68828306e-04
 1.43671597e-03 3.75847095e-04 3.69904559e-05 1.87278285e-02
 2.43877470e-04 3.28054020e-04 3.06253386e-05 6.98089202e-05
 9.33750447e-04 3.52031800e-03 7.84046823e-04 7.97563905e-04
 1.59843125e-03 1.58541918e-04 1.07039750e-02 6.35107117e-04
 5.97094890e-04 1.10016025e-04 6.99114961e-04 7.43646804e-05
 1.13151360e-02 2.44333014e-04 8.03044418e-04 5.51063820e-05
 2.50888486e-04 2.08577371e-03]
--------------------------------------------------------------------------------------
Solution ID:  5
Fitness:[0.26931107 0.48221069]
Position:[2.69311069e-01 1.38398215e-03 0.00000000e+00 1.16696184e-05
 0.00000000e+00 3.53186654e-05 2.77423110e-06 1.27207561e-03
 0.00000000e+00 4.04337609e-05 1.50934950e-05 1.92906002e-06
 1.50833734e-03 0.00000000e+00 3.61390802e-05 4.45407170e-05
 0.00000000e+00 0.00000000e+00 6.78572233e-04 3.56774424e-06
 0.00000000e+00 0.00000000e+00 1.08187848e-05 1.27641459e-05
 0.00000000e+00 0.00000000e+00 0.00000000e+00 0.00000000e+00
 0.00000000e+00 0.00000000e+00]
--------------------------------------------------------------------------------------
Solution ID:  6
Fitness:[0.27237286 0.48212625]
Position:[2.72372864e-01 0.00000000e+00 3.46146519e-04 1.35049820e-04
 2.96956582e-04 3.06422942e-04 1.10797905e-04 1.03640724e-03
 3.11368034e-04 1.83218840e-04 1.86024340e-04 1.21099710e-04
 0.00000000e+00 3.68232342e-04 3.80193379e-04 7.22485082e-04
 2.60450349e-04 2.26546142e-04 3.88114773e-03 4.25923074e-04
 4.22035723e-04 1.82691163e-04 2.40177789e-04 1.68215401e-04
 0.00000000e+00 8.85966267e-05 4.75253613e-04 1.47569166e-04
 7.00697996e-05 6.42454219e-03]
--------------------------------------------------------------------------------------
Solution ID:  7
Fitness:[0.29515482 0.45971576]
Position:[2.95154818e-01 0.00000000e+00 0.00000000e+00 2.74245041e-05
 1.35731871e-04 0.00000000e+00 3.06014689e-05 3.27630416e-03
 1.28984904e-05 1.96468928e-05 3.46173907e-05 2.03136057e-05
 1.39451583e-03 5.42610839e-04 1.04104484e-04 1.59496638e-04
 8.84753184e-05 2.00330139e-06 3.25569342e-03 1.55760064e-04
 1.38579297e-05 1.52802817e-05 1.34526211e-04 1.16051993e-04
 2.77932955e-03 7.63324218e-06 2.38591713e-04 2.38434620e-05
 3.79318145e-05 6.27535421e-04]
--------------------------------------------------------------------------------------
Solution ID:  8
Fitness:[0.29448063 0.46714595]
Position:[2.94480634e-01 2.37516955e-03 1.07630201e-04 4.65932516e-05
 7.42211140e-04 8.54214459e-05 5.00781242e-05 1.09677186e-02
 1.34263945e-05 1.64640057e-04 4.28345741e-05 2.79466142e-06
 4.34984819e-03 0.00000000e+00 2.77714677e-06 3.04500790e-04
 1.14156078e-03 1.09520945e-04 1.27340621e-02 0.00000000e+00
 2.52328070e-04 0.00000000e+00 0.00000000e+00 2.78794908e-04
 2.60486579e-03 3.17515766e-04 0.00000000e+00 1.21894147e-05
 8.06098594e-06 6.59721959e-03]
--------------------------------------------------------------------------------------
Solution ID:  9
Fitness:[0.28219607 0.47518263]
Position:[2.82196075e-01 1.74902669e-03 2.18788710e-05 2.33237750e-04
 7.18238743e-04 1.39108650e-04 5.19496865e-05 6.85875751e-03
 7.41697172e-05 1.26943099e-04 6.13526525e-05 7.62664410e-05
 1.74433959e-03 5.30725836e-04 1.86926614e-04 2.84210567e-04
 1.04002714e-03 6.59065193e-05 4.04444627e-03 1.70124939e-04
 7.70594644e-05 1.05236896e-04 1.79057345e-04 2.93968631e-05
 3.35527147e-03 2.99091470e-05 1.68827047e-04 5.88978297e-05
 0.00000000e+00 5.89472532e-03]
--------------------------------------------------------------------------------------
Solution ID:  10
Fitness:[0.26534913 0.48921857]
Position:[2.65349129e-01 2.52914693e-03 1.39933836e-04 1.38258738e-04
 3.02417924e-04 1.70178036e-04 8.25219662e-05 3.14648993e-03
 8.74692051e-05 1.27697740e-04 8.37543736e-05 3.58516141e-05
 5.59469546e-03 2.24603714e-04 1.82442338e-04 3.24620447e-04
 2.99320423e-04 8.26315405e-05 7.81766926e-04 7.34911905e-05
 1.04916760e-04 9.55949743e-05 4.50545284e-05 1.40666170e-04
 2.32787088e-03 1.20628756e-04 1.64455659e-04 4.06132519e-05
 4.56356141e-05 1.32953120e-03]
--------------------------------------------------------------------------------------
Solution ID:  11
Fitness:[0.26454951 0.4910352 ]
Position:[0.26454951 0.         0.         0.         0.         0.
 0.         0.         0.         0.         0.         0.
 0.02331819 0.         0.         0.         0.         0.
 0.         0.         0.         0.         0.         0.
 0.         0.         0.         0.         0.         0.        ]
--------------------------------------------------------------------------------------
Solution ID:  12
Fitness:[0.07146617 0.7373851 ]
Position:[7.14661670e-02 0.00000000e+00 0.00000000e+00 3.71639101e-05
 1.78078852e-04 0.00000000e+00 2.36977406e-05 5.48290406e-03
 5.44507700e-06 0.00000000e+00 3.62769470e-05 2.93971320e-05
 4.95240702e-04 9.07118119e-04 1.79788062e-04 2.00556247e-04
 1.47591336e-04 0.00000000e+00 5.20412880e-03 2.66426033e-04
 1.74300367e-05 1.39286438e-05 2.27617272e-04 9.90724266e-05
 3.03272928e-03 0.00000000e+00 3.70095389e-04 3.12339159e-05
 6.00337184e-05 4.93419880e-04]
--------------------------------------------------------------------------------------
Solution ID:  13
Fitness:[0.07539471 0.72907713]
Position:[7.53947111e-02 1.46621010e-04 0.00000000e+00 1.30858241e-04
 3.62351096e-04 3.97679075e-05 4.12105789e-05 3.84382387e-03
 0.00000000e+00 7.45853586e-05 3.01873487e-06 5.82071054e-05
 2.17594655e-03 3.26344455e-04 1.39753173e-04 1.80119587e-04
 5.29690892e-04 0.00000000e+00 1.74277340e-03 1.33354277e-04
 0.00000000e+00 4.17301882e-05 1.19713161e-04 1.91224801e-05
 1.09006283e-03 5.78731545e-06 1.60029622e-04 2.58067140e-05
 0.00000000e+00 2.27003161e-03]
--------------------------------------------------------------------------------------
Solution ID:  14
Fitness:[0.06965761 0.74278914]
Position:[6.96576083e-02 2.37263777e-03 0.00000000e+00 1.07721620e-04
 2.42491213e-04 2.80513552e-05 4.21403261e-05 3.50220605e-03
 5.74205775e-05 8.65079565e-05 1.21691307e-04 1.20916135e-05
 1.87295423e-03 5.59997396e-04 6.73047473e-05 1.48078543e-04
 3.40787733e-04 5.12353188e-05 2.61856518e-03 6.39579234e-05
 2.03829112e-04 7.40684723e-05 6.75369095e-05 3.16582072e-04
 8.71175782e-03 3.92495210e-04 4.52628255e-05 2.34737384e-05
 5.05276467e-05 2.74321165e-03]
--------------------------------------------------------------------------------------
Solution ID:  15
Fitness:[0.06526053 0.74788792]
Position:[6.52605346e-02 1.95344210e-03 2.18864312e-04 0.00000000e+00
 2.97162404e-05 1.47588193e-04 0.00000000e+00 4.91283285e-04
 8.15257567e-05 1.16721310e-04 2.46326260e-04 0.00000000e+00
 0.00000000e+00 0.00000000e+00 0.00000000e+00 1.61800608e-04
 6.16572841e-06 2.63033088e-04 0.00000000e+00 0.00000000e+00
 3.98314961e-04 1.00547137e-04 0.00000000e+00 6.86250014e-04
 5.06018106e-03 8.30435897e-04 0.00000000e+00 4.26749380e-06
 0.00000000e+00 1.57447606e-03]
--------------------------------------------------------------------------------------
Solution ID:  16
Fitness:[0.63213557 0.20799554]
Position:[6.32135570e-01 3.14757399e-03 8.98215372e-05 1.91275186e-04
 4.36989691e-05 1.18271842e-04 1.04946359e-05 2.07761319e-03
 1.03115892e-04 1.91896290e-04 4.57990609e-05 7.19441805e-07
 1.73213441e-04 1.32884923e-05 9.56527112e-05 3.03373083e-04
 4.70332800e-05 1.41631294e-04 7.11496504e-04 4.51544647e-05
 1.73781956e-04 5.84383515e-05 1.48576085e-05 2.22598562e-05
 5.27960472e-03 2.53512856e-05 4.34853171e-05 4.42284266e-06
 4.45662663e-05 3.16163517e-03]
--------------------------------------------------------------------------------------
Solution ID:  17
Fitness:[0.6410401 0.2005723]
Position:[6.41040095e-01 2.41371806e-03 4.86676758e-05 0.00000000e+00
 1.46091935e-04 0.00000000e+00 3.17829864e-05 0.00000000e+00
 1.51619333e-05 0.00000000e+00 0.00000000e+00 0.00000000e+00
 1.78912002e-03 0.00000000e+00 0.00000000e+00 0.00000000e+00
 3.44532094e-04 5.00563493e-05 0.00000000e+00 0.00000000e+00
 1.29885667e-05 0.00000000e+00 0.00000000e+00 0.00000000e+00
 1.52869876e-03 0.00000000e+00 5.78210090e-05 0.00000000e+00
 0.00000000e+00 1.25790322e-04]
--------------------------------------------------------------------------------------
Solution ID:  18
Fitness:[0.64971574 0.19404541]
Position:[6.49715735e-01 0.00000000e+00 0.00000000e+00 0.00000000e+00
 0.00000000e+00 0.00000000e+00 8.08097305e-06 0.00000000e+00
 0.00000000e+00 0.00000000e+00 1.27711920e-04 0.00000000e+00
 0.00000000e+00 0.00000000e+00 0.00000000e+00 0.00000000e+00
 0.00000000e+00 0.00000000e+00 0.00000000e+00 0.00000000e+00
 0.00000000e+00 0.00000000e+00 0.00000000e+00 2.38824284e-04
 0.00000000e+00 1.37461622e-04 0.00000000e+00 0.00000000e+00
 0.00000000e+00 0.00000000e+00]
--------------------------------------------------------------------------------------
Solution ID:  19
Fitness:[0.11019642 0.67538349]
Position:[1.10196423e-01 3.70217910e-04 3.69079394e-04 4.08080493e-04
 1.42055140e-04 1.12959320e-04 0.00000000e+00 0.00000000e+00
 3.60691371e-04 7.84570970e-05 2.55827735e-05 1.58519869e-05
 8.22808720e-04 4.46343138e-04 1.64341749e-04 2.51553205e-04
 1.31673759e-04 3.89538731e-04 2.86169842e-04 1.51366884e-05
 7.24298573e-04 1.90864390e-04 0.00000000e+00 5.59188230e-06
 1.69039680e-02 2.07700006e-04 1.32652408e-04 1.05138538e-04
 2.73443458e-04 5.41895187e-03]
--------------------------------------------------------------------------------------
Solution ID:  20
Fitness:[0.12125456 0.65715534]
Position:[1.21254557e-01 8.51294393e-03 2.15705467e-05 2.48416694e-04
 0.00000000e+00 1.96718736e-05 0.00000000e+00 0.00000000e+00
 2.56273310e-05 3.88905694e-04 0.00000000e+00 0.00000000e+00
 4.13047769e-03 0.00000000e+00 0.00000000e+00 0.00000000e+00
 0.00000000e+00 0.00000000e+00 0.00000000e+00 0.00000000e+00
 3.90201564e-05 0.00000000e+00 0.00000000e+00 3.10464749e-04
 6.37523182e-03 7.85927482e-04 0.00000000e+00 0.00000000e+00
 9.18623141e-05 0.00000000e+00]
--------------------------------------------------------------------------------------
Solution ID:  21
Fitness:[0.14482527 0.61953641]
Position:[1.44825268e-01 0.00000000e+00 0.00000000e+00 0.00000000e+00
 0.00000000e+00 0.00000000e+00 0.00000000e+00 0.00000000e+00
 0.00000000e+00 0.00000000e+00 1.17226852e-04 0.00000000e+00
 0.00000000e+00 0.00000000e+00 0.00000000e+00 0.00000000e+00
 0.00000000e+00 0.00000000e+00 0.00000000e+00 0.00000000e+00
 0.00000000e+00 0.00000000e+00 0.00000000e+00 2.51523323e-04
 0.00000000e+00 1.15470576e-05 0.00000000e+00 0.00000000e+00
 0.00000000e+00 0.00000000e+00]
--------------------------------------------------------------------------------------
Solution ID:  22
Fitness:[0.10697122 0.6815669 ]
Position:[1.06971221e-01 2.16265660e-03 1.67233487e-04 2.88390438e-04
 5.14492562e-04 4.03252627e-05 3.41634445e-05 3.57777927e-03
 1.26826442e-04 1.25318357e-04 1.32493490e-04 4.30184653e-05
 1.16685305e-03 1.29637879e-03 2.57022064e-04 1.37695739e-04
 5.40562720e-04 1.27917424e-04 3.25499767e-03 3.35411202e-04
 4.23364170e-04 1.16211028e-04 2.36801886e-04 2.70099916e-04
 7.22636300e-03 2.34766859e-04 4.51882226e-04 6.80742609e-05
 1.74150052e-04 9.70196954e-03]
--------------------------------------------------------------------------------------
Solution ID:  23
Fitness:[0.13793569 0.63316111]
Position:[1.37935694e-01 5.73972993e-04 0.00000000e+00 6.69974499e-05
 2.94052597e-04 0.00000000e+00 1.09057345e-05 2.28861185e-03
 1.31759562e-05 0.00000000e+00 3.04375547e-05 2.11638091e-05
 7.35318154e-04 1.10949880e-03 4.34321204e-05 3.26551300e-07
 2.32716173e-04 3.10553952e-06 3.64445451e-03 4.92776766e-05
 5.15265362e-05 8.04283346e-05 1.60269939e-04 3.95825642e-05
 2.39058366e-03 2.20719390e-05 1.29403274e-04 3.05098012e-05
 4.62150286e-05 5.96266006e-03]
--------------------------------------------------------------------------------------
Solution ID:  24
Fitness:[0.2040399  0.55037687]
Position:[2.04039901e-01 2.50425828e-03 6.42052062e-05 1.72350588e-05
 1.02607250e-04 5.75712398e-05 2.07826499e-05 3.23218483e-04
 5.60632670e-05 1.56349865e-04 2.04533360e-05 1.04194319e-05
 2.60269795e-03 3.24624893e-04 8.24032726e-06 8.53434730e-05
 1.51703394e-04 6.14662185e-05 1.79683006e-04 8.82104912e-05
 1.92589438e-04 1.31770254e-06 4.18274897e-05 1.60822502e-04
 4.75525615e-04 1.94199760e-04 1.52490453e-04 6.43992078e-06
 3.27134567e-04 2.87650026e-04]
--------------------------------------------------------------------------------------
Solution ID:  25
Fitness:[0.21083961 0.54459437]
Position:[2.10839610e-01 0.00000000e+00 0.00000000e+00 0.00000000e+00
 1.30657053e-03 0.00000000e+00 0.00000000e+00 0.00000000e+00
 0.00000000e+00 0.00000000e+00 0.00000000e+00 0.00000000e+00
 2.01570612e-03 4.27676588e-04 0.00000000e+00 0.00000000e+00
 1.47280556e-03 0.00000000e+00 9.80100436e-03 0.00000000e+00
 0.00000000e+00 3.33495449e-05 0.00000000e+00 1.71774350e-04
 0.00000000e+00 1.00252049e-04 0.00000000e+00 0.00000000e+00
 4.20929821e-04 0.00000000e+00]
--------------------------------------------------------------------------------------
Solution ID:  26
Fitness:[0.22251736 0.5317384 ]
Position:[2.22517358e-01 1.48668106e-03 2.45326823e-04 5.66973652e-05
 9.01653375e-05 1.82931158e-04 2.61045828e-05 1.06914460e-03
 1.44052598e-04 1.27693189e-04 2.19185733e-04 4.00741574e-05
 7.73249760e-05 2.12293004e-04 1.22978131e-04 2.96974592e-04
 6.46809477e-05 2.37733750e-04 1.27566366e-03 1.31984825e-04
 3.78389951e-04 1.18856231e-04 1.00728025e-04 5.41691512e-04
 3.65940654e-03 6.21542136e-04 1.68083201e-04 3.79914716e-05
 5.35635158e-05 2.77958191e-03]
--------------------------------------------------------------------------------------
Solution ID:  27
Fitness:[0.22637424 0.52946557]
Position:[2.26374245e-01 0.00000000e+00 0.00000000e+00 0.00000000e+00
 0.00000000e+00 0.00000000e+00 1.12118618e-04 0.00000000e+00
 0.00000000e+00 0.00000000e+00 0.00000000e+00 0.00000000e+00
 2.20884393e-02 0.00000000e+00 0.00000000e+00 0.00000000e+00
 0.00000000e+00 0.00000000e+00 0.00000000e+00 0.00000000e+00
 0.00000000e+00 0.00000000e+00 0.00000000e+00 0.00000000e+00
 0.00000000e+00 0.00000000e+00 0.00000000e+00 0.00000000e+00
 0.00000000e+00 0.00000000e+00]
--------------------------------------------------------------------------------------
Solution ID:  28
Fitness:[0.22124902 0.53337437]
Position:[2.21249023e-01 1.11290884e-03 1.39225105e-04 1.54352868e-04
 2.61540555e-04 2.86093539e-05 2.04790478e-05 1.35147392e-03
 6.16172937e-05 7.26010201e-05 9.27931519e-05 2.22024801e-05
 3.91365472e-04 3.76905682e-04 1.97713983e-04 6.38625325e-05
 2.94420354e-04 7.03322443e-05 1.45849312e-03 2.14292785e-04
 2.61812811e-04 6.41597245e-05 6.85623015e-05 1.53511412e-04
 3.89092831e-03 1.37238092e-04 3.05142353e-04 4.70042320e-05
 8.69044658e-05 4.37382120e-03]
--------------------------------------------------------------------------------------
Solution ID:  29
Fitness:[0.40252143 0.37509478]
Position:[4.02521428e-01 6.48320827e-03 4.15307838e-04 7.22800496e-04
 9.14456284e-04 8.07548653e-04 1.57548547e-05 1.43245386e-02
 5.42040401e-04 6.43642177e-04 0.00000000e+00 2.02098815e-04
 1.41641638e-03 5.70751532e-04 6.93391779e-04 1.92649769e-03
 1.18796409e-03 2.42580301e-04 4.62675233e-03 2.38226094e-04
 3.39922675e-04 5.98925842e-04 2.23987829e-04 0.00000000e+00
 5.18693205e-03 0.00000000e+00 1.75383038e-04 1.25240735e-04
 1.65550396e-04 2.16232777e-03]
--------------------------------------------------------------------------------------
Solution ID:  30
Fitness:[0.42825318 0.34906853]
Position:[0.42825318 0.         0.         0.         0.         0.
 0.         0.         0.         0.         0.         0.
 0.01665202 0.         0.         0.         0.         0.
 0.         0.         0.         0.         0.         0.
 0.         0.         0.         0.         0.         0.        ]
--------------------------------------------------------------------------------------
Solution ID:  31
Fitness:[0.44580056 0.33689147]
Position:[4.45800561e-01 2.72299568e-03 3.47309850e-04 2.44388990e-04
 2.91600571e-05 1.85032571e-04 5.71422121e-05 2.44263063e-03
 2.57879707e-04 1.95994842e-04 1.20801235e-04 2.36245118e-05
 1.64638507e-03 5.26421812e-04 9.88399731e-05 3.75413423e-04
 0.00000000e+00 2.03726561e-04 5.19291330e-04 9.65607549e-05
 3.28696578e-04 1.39426085e-04 6.40678226e-05 1.92945947e-04
 7.22507054e-03 1.87723289e-04 2.21658545e-04 2.88750528e-05
 0.00000000e+00 3.62570241e-03]
--------------------------------------------------------------------------------------
Solution ID:  32
Fitness:[0.42064409 0.35546356]
Position:[4.20644094e-01 4.71987510e-04 5.09241889e-05 1.17853775e-04
 4.69535038e-04 1.25026546e-04 6.33473221e-05 6.26569603e-04
 9.54380015e-05 9.52067893e-05 1.52813047e-04 1.03166028e-04
 0.00000000e+00 8.00241867e-04 2.63110658e-04 4.42876107e-04
 4.68122893e-04 5.80621136e-05 5.33589754e-03 2.64379705e-04
 1.58457059e-04 1.12730070e-04 2.40449666e-04 3.15786698e-04
 4.36637040e-03 8.14436562e-05 4.16668218e-04 9.14909431e-05
 7.34790546e-05 3.36318698e-03]
--------------------------------------------------------------------------------------
Solution ID:  33
Fitness:[0.46321422 0.32041903]
Position:[4.63214220e-01 0.00000000e+00 0.00000000e+00 0.00000000e+00
 0.00000000e+00 4.19522040e-07 9.84686343e-06 4.92936835e-03
 0.00000000e+00 0.00000000e+00 0.00000000e+00 2.32055066e-06
 0.00000000e+00 0.00000000e+00 1.07374245e-05 1.11611284e-05
 0.00000000e+00 0.00000000e+00 0.00000000e+00 0.00000000e+00
 0.00000000e+00 0.00000000e+00 0.00000000e+00 0.00000000e+00
 0.00000000e+00 0.00000000e+00 4.58033366e-06 1.96395268e-07
 0.00000000e+00 0.00000000e+00]
--------------------------------------------------------------------------------------
Solution ID:  34
Fitness:[0.45039721 0.33454065]
Position:[4.50397212e-01 3.32279466e-03 2.04817318e-04 2.77873562e-04
 2.46000218e-04 1.70740734e-04 6.18606421e-05 3.16932279e-03
 1.95672502e-04 1.99222753e-04 1.24953312e-04 5.10417718e-05
 2.98369757e-03 8.71569675e-04 1.51717570e-04 4.13144112e-04
 3.06272226e-04 1.50066345e-04 3.09087662e-03 1.45028568e-04
 1.99025365e-04 1.31341601e-04 1.52092411e-04 1.59118814e-04
 5.13595282e-03 1.11684626e-04 2.51078037e-04 3.82151246e-05
 2.00830575e-04 4.88861255e-03]
--------------------------------------------------------------------------------------
Solution ID:  35
Fitness:[0.48929758 0.30161434]
Position:[4.89297575e-01 1.95434364e-04 3.18431949e-05 1.59538789e-05
 2.00868322e-04 2.34786431e-05 0.00000000e+00 5.39766577e-04
 1.95058843e-05 4.12004417e-05 7.09132878e-05 3.97090247e-06
 1.73324256e-04 1.65800156e-04 0.00000000e+00 3.98209635e-05
 3.05095649e-04 3.58323012e-05 1.02626134e-03 0.00000000e+00
 8.72225919e-05 0.00000000e+00 1.73057666e-05 1.66663553e-04
 1.17985714e-03 1.17326961e-05 3.64836328e-05 0.00000000e+00
 0.00000000e+00 1.12287174e-03]
--------------------------------------------------------------------------------------
Solution ID:  36
Fitness:[0.15963422 0.60870361]
Position:[1.59634222e-01 3.24731275e-03 5.86275257e-04 3.21974784e-04
 6.29100166e-04 2.99920658e-04 3.25445329e-06 3.06908219e-03
 4.31341138e-04 2.93713587e-04 8.24927120e-05 2.24672736e-05
 2.95340317e-04 3.18825580e-04 2.11107643e-04 5.34983647e-04
 8.74597677e-04 3.40201919e-04 5.77035737e-04 2.24701760e-04
 6.39198315e-04 1.71315403e-04 7.85007014e-05 2.94296722e-05
 1.09437829e-02 2.58099420e-04 2.48051468e-04 6.86977451e-05
 4.81802892e-05 8.33384632e-03]
--------------------------------------------------------------------------------------
Solution ID:  37
Fitness:[0.16145332 0.60289694]
Position:[1.61453317e-01 2.56995465e-03 1.13704576e-04 1.08123833e-04
 3.86029599e-04 1.73220705e-04 1.10232671e-04 2.17152119e-03
 8.91157482e-05 1.43520356e-04 1.07727335e-04 3.65388684e-05
 6.75551816e-03 1.06880351e-04 1.06483766e-04 3.52333402e-04
 3.52738461e-04 9.69979374e-05 6.22277817e-04 8.17671877e-05
 1.18027405e-04 1.00938690e-04 4.23915154e-05 1.79336230e-04
 2.68207017e-03 1.41252503e-04 1.43177719e-04 4.14587885e-05
 4.89176240e-05 1.00100463e-03]
--------------------------------------------------------------------------------------
Solution ID:  38
Fitness:[0.16505231 0.59730334]
Position:[1.65052310e-01 2.01005219e-03 1.73913258e-05 3.04329565e-04
 0.00000000e+00 1.24859720e-04 7.39173976e-06 1.93297360e-03
 5.94544932e-05 1.74903099e-04 1.11012197e-05 2.43460289e-05
 7.34945476e-04 5.01186754e-05 1.08514956e-04 1.06028099e-04
 0.00000000e+00 9.80193587e-05 1.66440311e-03 5.39916848e-05
 4.87963345e-04 6.28644474e-05 6.89199713e-05 1.34805196e-05
 5.56012765e-03 1.00194392e-04 1.52528724e-05 3.61027550e-05
 1.72042783e-04 4.30399930e-04]
--------------------------------------------------------------------------------------
Solution ID:  39
Fitness:[0.66705259 0.18466307]
Position:[6.67052587e-01 0.00000000e+00 0.00000000e+00 2.05428121e-05
 2.35880235e-04 0.00000000e+00 3.00146382e-05 2.74286213e-03
 0.00000000e+00 0.00000000e+00 0.00000000e+00 3.00478535e-05
 9.67248499e-04 4.23970847e-04 1.65002257e-04 5.34414006e-05
 3.42599212e-04 0.00000000e+00 1.88289621e-03 1.81884072e-04
 0.00000000e+00 0.00000000e+00 1.38102369e-04 0.00000000e+00
 1.30670919e-04 0.00000000e+00 2.48614150e-04 5.88364545e-06
 0.00000000e+00 0.00000000e+00]
--------------------------------------------------------------------------------------
Solution ID:  40
Fitness:[0.67727092 0.17934747]
Position:[6.77270922e-01 1.48094660e-03 1.23712089e-04 4.21092001e-05
 1.11305570e-04 1.55344412e-06 8.32799537e-06 1.50150359e-04
 1.24273916e-05 1.40468495e-05 8.44801890e-06 1.10295338e-05
 3.49890462e-03 8.20171296e-04 6.50976942e-05 9.55448281e-06
 8.72811570e-05 2.88821285e-05 2.02807276e-03 9.25629684e-05
 8.80879367e-05 1.08837628e-05 1.42220800e-04 5.35148267e-05
 1.40887067e-03 1.61959736e-05 1.90994138e-04 1.38165275e-05
 4.29757814e-04 1.70195603e-03]
--------------------------------------------------------------------------------------
Solution ID:  41
Fitness:[0.6908226  0.17401798]
Position:[6.90822596e-01 1.23577843e-03 3.03931067e-06 1.70477171e-04
 4.87657117e-04 3.17754516e-04 1.24946094e-04 5.99578615e-03
 1.79059348e-04 1.32425095e-04 1.80922024e-04 2.77971181e-04
 4.59528513e-04 2.91242691e-04 4.39534313e-04 9.50418975e-04
 1.48867639e-04 3.45469820e-05 3.51174753e-03 1.88656680e-04
 1.37178696e-04 3.39856228e-04 1.70004287e-04 2.01646723e-04
 4.75320530e-03 1.13717774e-04 3.62060614e-04 2.38953143e-04
 2.83865998e-05 7.01453400e-03]
--------------------------------------------------------------------------------------
Solution ID:  42
Fitness:[0.797427   0.10811765]
Position:[7.97427001e-01 5.48734568e-03 0.00000000e+00 0.00000000e+00
 0.00000000e+00 0.00000000e+00 0.00000000e+00 0.00000000e+00
 0.00000000e+00 1.53853431e-04 0.00000000e+00 0.00000000e+00
 0.00000000e+00 0.00000000e+00 0.00000000e+00 0.00000000e+00
 0.00000000e+00 3.28947825e-04 0.00000000e+00 0.00000000e+00
 4.61911438e-04 0.00000000e+00 0.00000000e+00 0.00000000e+00
 0.00000000e+00 0.00000000e+00 0.00000000e+00 0.00000000e+00
 0.00000000e+00 0.00000000e+00]
--------------------------------------------------------------------------------------
Solution ID:  43
Fitness:[0.7967358  0.10867727]
Position:[7.96735796e-01 0.00000000e+00 0.00000000e+00 0.00000000e+00
 7.43388346e-04 0.00000000e+00 0.00000000e+00 0.00000000e+00
 0.00000000e+00 5.75509499e-05 5.23027777e-05 0.00000000e+00
 3.11523346e-03 0.00000000e+00 0.00000000e+00 2.22209678e-05
 1.02858730e-03 0.00000000e+00 2.01474795e-03 0.00000000e+00
 2.06509986e-04 2.61304119e-05 0.00000000e+00 1.31331238e-04
 0.00000000e+00 3.49288128e-05 0.00000000e+00 0.00000000e+00
 0.00000000e+00 0.00000000e+00]
--------------------------------------------------------------------------------------
Solution ID:  44
Fitness:[0.76910595 0.1249098 ]
Position:[7.69105955e-01 1.25931500e-03 0.00000000e+00 0.00000000e+00
 4.03251354e-04 4.60329091e-05 8.53179581e-05 0.00000000e+00
 0.00000000e+00 4.24832433e-05 1.34902984e-04 4.52518039e-06
 7.54103072e-03 0.00000000e+00 0.00000000e+00 4.52989768e-05
 3.33284935e-04 0.00000000e+00 0.00000000e+00 2.49187455e-06
 0.00000000e+00 0.00000000e+00 0.00000000e+00 2.96854603e-04
 0.00000000e+00 1.71649049e-04 6.07730744e-05 0.00000000e+00
 0.00000000e+00 4.49670038e-04]
--------------------------------------------------------------------------------------
Solution ID:  45
Fitness:[0.76326072 0.12726661]
Position:[7.63260721e-01 5.29467157e-04 6.77066975e-05 3.84567428e-05
 4.53799543e-05 3.54746212e-05 1.01934812e-05 3.68447044e-04
 4.98188213e-05 3.09661058e-05 1.41901177e-05 3.19783738e-06
 9.74727681e-04 9.02502431e-05 1.38417050e-05 5.27467088e-05
 6.09525957e-05 4.16950530e-05 6.10251844e-05 7.11973187e-06
 7.10250788e-05 2.13151012e-05 5.44431008e-06 7.09727418e-05
 1.41898134e-03 4.10309968e-05 2.43906929e-05 7.79038450e-06
 1.21998310e-04 9.52360410e-04]
--------------------------------------------------------------------------------------
Solution ID:  46
Fitness:[0.79653383 0.11023466]
Position:[7.96533835e-01 1.22592574e-03 2.02463362e-04 1.06665775e-04
 2.24752622e-04 1.13792894e-04 4.50064891e-05 3.32206171e-03
 1.26152597e-04 1.06484596e-04 2.24062361e-04 1.36063310e-05
 2.13379098e-04 2.20119416e-04 6.64048631e-05 1.23889804e-04
 3.49402379e-04 8.39665573e-05 9.18409465e-04 2.67195046e-04
 1.80886272e-04 7.55542331e-05 1.95961990e-04 6.43155645e-04
 2.75824264e-03 7.67772909e-04 1.15255977e-04 2.35009293e-04
 2.57294059e-04 2.64102399e-03]
--------------------------------------------------------------------------------------
Solution ID:  47
Fitness:[0.78411608 0.1160885 ]
Position:[7.84116075e-01 1.18257073e-04 4.88056864e-06 0.00000000e+00
 1.81213119e-04 0.00000000e+00 2.49001669e-05 7.96669944e-04
 0.00000000e+00 0.00000000e+00 3.18631489e-04 0.00000000e+00
 0.00000000e+00 0.00000000e+00 0.00000000e+00 0.00000000e+00
 4.78098277e-04 1.99555704e-05 4.03251675e-03 0.00000000e+00
 9.59067750e-06 0.00000000e+00 5.18774955e-06 6.48826719e-04
 8.92076552e-04 5.64457322e-04 0.00000000e+00 4.08923966e-05
 0.00000000e+00 1.06294292e-03]
--------------------------------------------------------------------------------------
Solution ID:  48
Fitness:[0.76935002 0.12360277]
Position:[7.69350016e-01 0.00000000e+00 1.20658100e-05 9.63374769e-06
 1.31389172e-04 2.50808826e-07 2.02789261e-06 0.00000000e+00
 0.00000000e+00 2.21991850e-05 5.18311988e-05 0.00000000e+00
 2.58660492e-04 2.24226573e-04 5.13407427e-06 3.65870476e-05
 1.77226780e-04 1.75203429e-05 1.36792353e-03 4.35208156e-05
 5.04449006e-05 0.00000000e+00 4.70341947e-05 1.44813026e-04
 1.11268048e-03 1.31867792e-05 7.15911120e-05 0.00000000e+00
 1.51938324e-05 3.66393651e-04]
--------------------------------------------------------------------------------------
Solution ID:  49
Fitness:[0.78173041 0.12073749]
Position:[7.81730412e-01 1.16883226e-03 1.63242300e-04 2.38893061e-04
 5.07990843e-04 1.08866166e-04 1.69109923e-05 1.58236950e-03
 2.65487969e-04 1.41756039e-04 2.59833588e-05 5.39497645e-05
 3.36677444e-03 9.11817988e-04 3.22318366e-04 4.07650661e-04
 6.95506864e-04 1.54889319e-04 2.63528591e-03 3.04090262e-04
 4.65328768e-04 5.28928812e-05 2.23354365e-04 2.41073720e-05
 8.48784687e-03 1.73393201e-04 3.05270282e-04 4.27853087e-05
 5.86128234e-04 4.77479174e-03]
--------------------------------------------------------------------------------------
Solution ID:  50
Fitness:[0.75227535 0.13423896]
Position:[7.52275355e-01 0.00000000e+00 0.00000000e+00 0.00000000e+00
 0.00000000e+00 0.00000000e+00 0.00000000e+00 5.63763440e-04
 0.00000000e+00 0.00000000e+00 0.00000000e+00 0.00000000e+00
 8.40430495e-03 0.00000000e+00 0.00000000e+00 0.00000000e+00
 0.00000000e+00 0.00000000e+00 0.00000000e+00 0.00000000e+00
 0.00000000e+00 0.00000000e+00 0.00000000e+00 0.00000000e+00
 0.00000000e+00 0.00000000e+00 0.00000000e+00 0.00000000e+00
 0.00000000e+00 0.00000000e+00]
--------------------------------------------------------------------------------------
Solution ID:  51
Fitness:[0.03165758 0.84738421]
Position:[3.16575835e-02 6.53059755e-03 0.00000000e+00 8.27768176e-04
 1.44132899e-03 5.62515583e-05 2.78957528e-05 1.14944728e-02
 1.15320319e-04 2.32152824e-04 1.69542937e-04 1.12965163e-04
 2.14741446e-03 5.50116092e-03 6.03828573e-04 4.70484046e-04
 1.38886065e-03 8.61076225e-05 1.53013030e-02 6.90934720e-04
 6.04336760e-04 2.77966915e-04 9.38105373e-04 6.28458170e-04
 1.01287953e-02 3.12825237e-04 1.00980836e-03 1.18625925e-04
 3.45977635e-04 2.78951300e-02]
--------------------------------------------------------------------------------------
Solution ID:  52
Fitness:[0.03199421 0.82619876]
Position:[3.19942150e-02 1.43668119e-03 1.70410787e-04 1.98215680e-04
 3.38193216e-04 3.55552886e-05 2.59289003e-05 8.19669229e-04
 8.01826302e-05 9.23006874e-05 1.15475335e-04 2.86503200e-05
 5.41871608e-04 5.27183522e-04 2.43762626e-04 8.36678807e-05
 3.77227149e-04 9.00039282e-05 2.78481096e-04 2.69329030e-04
 3.30277829e-04 8.20616775e-05 9.68788218e-05 1.95627229e-04
 4.99270937e-03 1.74284990e-04 3.81190879e-04 5.85804322e-05
 1.12662703e-04 5.75473444e-03]
--------------------------------------------------------------------------------------
Solution ID:  53
Fitness:[0.908699   0.05007024]
Position:[9.08699003e-01 1.60251857e-03 0.00000000e+00 3.41860035e-05
 0.00000000e+00 0.00000000e+00 3.50007345e-05 7.81908422e-03
 1.65022789e-05 7.38213062e-06 9.92790266e-06 1.07656038e-05
 7.72276104e-04 1.86054010e-04 5.29838645e-05 3.33428192e-05
 0.00000000e+00 1.51091231e-05 3.86494126e-03 0.00000000e+00
 5.36256358e-06 9.57567674e-06 0.00000000e+00 0.00000000e+00
 3.11506582e-03 2.56915916e-05 2.21780064e-06 1.26661489e-06
 0.00000000e+00 2.83628516e-03]
--------------------------------------------------------------------------------------
Solution ID:  54
Fitness:[0.92037979 0.0414274 ]
Position:[9.20379794e-01 4.27178622e-04 0.00000000e+00 0.00000000e+00
 0.00000000e+00 0.00000000e+00 0.00000000e+00 1.52773445e-03
 0.00000000e+00 0.00000000e+00 0.00000000e+00 0.00000000e+00
 6.48215699e-04 2.27848622e-04 0.00000000e+00 0.00000000e+00
 0.00000000e+00 0.00000000e+00 8.78679168e-04 0.00000000e+00
 0.00000000e+00 0.00000000e+00 1.17706811e-05 8.96817876e-06
 1.16636068e-03 0.00000000e+00 2.70888878e-06 0.00000000e+00
 1.42492661e-06 0.00000000e+00]
--------------------------------------------------------------------------------------
Solution ID:  55
Fitness:[0.92612993 0.03874214]
Position:[9.26129935e-01 6.27894608e-04 1.20815894e-05 5.62691420e-05
 2.33221241e-05 4.88972674e-05 2.89100520e-05 3.47766692e-03
 8.98484162e-06 7.64399496e-06 2.37197074e-05 3.01574153e-05
 9.55096698e-05 1.39108440e-05 1.13162341e-04 1.75477935e-04
 3.25458586e-05 7.34789698e-06 1.24257903e-03 1.55479896e-05
 1.40198562e-05 6.72597034e-05 5.18432408e-05 7.17605995e-05
 2.27127415e-04 6.41367530e-05 3.47788050e-05 3.07826167e-05
 3.95447067e-05 1.76735897e-04]
--------------------------------------------------------------------------------------
Solution ID:  56
Fitness:[0.90155731 0.05049628]
Position:[0.90155731 0.         0.         0.         0.         0.
 0.         0.         0.         0.         0.         0.
 0.         0.         0.         0.         0.         0.
 0.         0.         0.         0.         0.         0.
 0.         0.         0.         0.         0.         0.        ]
--------------------------------------------------------------------------------------
Solution ID:  57
Fitness:[0.50325425 0.29059585]
Position:[0.50325425 0.         0.         0.         0.         0.
 0.         0.         0.         0.         0.         0.
 0.         0.         0.         0.         0.         0.
 0.         0.         0.         0.         0.         0.
 0.         0.         0.         0.         0.         0.        ]
--------------------------------------------------------------------------------------
Solution ID:  58
Fitness:[0.51631826 0.28384734]
Position:[5.16318258e-01 2.60240597e-03 1.68959687e-04 1.41559849e-05
 0.00000000e+00 8.40397080e-05 4.53284802e-05 3.85111714e-03
 1.59098900e-04 4.53942751e-05 6.84760051e-05 5.87232560e-06
 1.91143954e-03 0.00000000e+00 0.00000000e+00 1.19963122e-04
 2.00618310e-06 1.03635463e-04 0.00000000e+00 0.00000000e+00
 0.00000000e+00 8.24435817e-05 0.00000000e+00 5.82556503e-05
 2.59748412e-03 1.40961241e-04 0.00000000e+00 3.47456656e-06
 0.00000000e+00 0.00000000e+00]
--------------------------------------------------------------------------------------
Solution ID:  59
Fitness:[0.54597488 0.26227897]
Position:[5.45974882e-01 9.58357468e-04 4.07135647e-05 1.68277431e-04
 7.06548849e-05 9.18431299e-05 0.00000000e+00 1.18158355e-03
 3.22848160e-05 9.15765716e-05 0.00000000e+00 2.16524460e-05
 0.00000000e+00 0.00000000e+00 1.23415211e-04 2.46830258e-04
 7.12301518e-05 4.25633256e-05 1.10696415e-03 4.86734491e-06
 3.01306115e-04 8.92322260e-05 3.35878418e-05 7.36800313e-05
 1.03930116e-03 1.20134193e-04 0.00000000e+00 3.71622457e-05
 8.16437686e-05 0.00000000e+00]
--------------------------------------------------------------------------------------
Solution ID:  60
Fitness:[0.9642339  0.01804588]
Position:[0.9642339 0.        0.        0.        0.        0.        0.
 0.        0.        0.        0.        0.        0.        0.
 0.        0.        0.        0.        0.        0.        0.
 0.        0.        0.        0.        0.        0.        0.
 0.        0.       ]
--------------------------------------------------------------------------------------
Solution ID:  61
Fitness:[0.97778189 0.01158603]
Position:[9.77781885e-01 0.00000000e+00 0.00000000e+00 0.00000000e+00
 0.00000000e+00 0.00000000e+00 3.93193344e-05 0.00000000e+00
 0.00000000e+00 0.00000000e+00 2.05155945e-04 0.00000000e+00
 0.00000000e+00 0.00000000e+00 2.78132020e-05 0.00000000e+00
 0.00000000e+00 0.00000000e+00 0.00000000e+00 2.97183059e-04
 4.11016831e-05 0.00000000e+00 2.39934709e-04 6.97276219e-04
 0.00000000e+00 8.15901569e-04 0.00000000e+00 2.77949496e-04
 0.00000000e+00 0.00000000e+00]
--------------------------------------------------------------------------------------
Solution ID:  62
Fitness:[0.957952   0.02154402]
Position:[9.57951996e-01 0.00000000e+00 0.00000000e+00 0.00000000e+00
 0.00000000e+00 0.00000000e+00 0.00000000e+00 0.00000000e+00
 0.00000000e+00 0.00000000e+00 3.75578695e-05 0.00000000e+00
 0.00000000e+00 0.00000000e+00 3.94523753e-05 0.00000000e+00
 0.00000000e+00 0.00000000e+00 0.00000000e+00 3.45195069e-04
 2.95704061e-05 0.00000000e+00 2.65350751e-04 3.45875102e-04
 0.00000000e+00 5.32855132e-04 0.00000000e+00 2.60672824e-04
 0.00000000e+00 0.00000000e+00]
--------------------------------------------------------------------------------------
Solution ID:  63
Fitness:[0.74113146 0.14003603]
Position:[7.41131459e-01 3.24204646e-04 2.38258404e-05 9.53117916e-06
 5.02307891e-05 5.97847190e-06 1.99158488e-05 5.93945213e-04
 1.07672087e-05 3.03882324e-05 1.75844347e-05 6.08357934e-06
 1.21289532e-03 9.88595271e-05 1.59644036e-05 6.35697094e-05
 1.62859310e-05 1.50510026e-05 7.17777859e-04 2.52284128e-05
 5.52086389e-06 8.85024687e-06 2.30886956e-05 7.07228019e-05
 1.34905399e-03 4.10744425e-05 5.84958928e-05 8.84914734e-06
 8.67566029e-06 4.04514228e-04]
--------------------------------------------------------------------------------------
Solution ID:  64
Fitness:[0.73313796 0.14478214]
Position:[7.33137956e-01 0.00000000e+00 0.00000000e+00 0.00000000e+00
 0.00000000e+00 0.00000000e+00 1.53143403e-04 0.00000000e+00
 0.00000000e+00 0.00000000e+00 5.18986014e-04 0.00000000e+00
 0.00000000e+00 0.00000000e+00 0.00000000e+00 0.00000000e+00
 0.00000000e+00 0.00000000e+00 3.10920690e-03 0.00000000e+00
 3.15319763e-05 0.00000000e+00 0.00000000e+00 1.02860051e-03
 0.00000000e+00 8.29083521e-04 0.00000000e+00 5.71254788e-05
 0.00000000e+00 0.00000000e+00]
--------------------------------------------------------------------------------------
Solution ID:  65
Fitness:[0.71471949 0.15742543]
Position:[7.14719491e-01 3.06616620e-04 4.22837637e-06 2.42450078e-06
 3.33612477e-04 1.35142259e-06 2.98571901e-05 4.13407265e-03
 5.31216850e-06 1.40141393e-06 6.26605593e-07 3.52915525e-05
 3.42643553e-03 8.99337348e-05 1.19196649e-06 8.90786397e-07
 3.70955011e-04 2.08265944e-06 3.95833412e-03 1.67127028e-04
 2.04946344e-04 8.67043331e-06 6.56223647e-05 1.16146990e-04
 2.03757156e-03 1.18142190e-04 1.31796732e-04 2.75366173e-09
 2.10206781e-04 5.19034418e-05]
--------------------------------------------------------------------------------------
Solution ID:  66
Fitness:[0.71029379 0.15863567]
Position:[7.10293789e-01 3.90098664e-04 0.00000000e+00 0.00000000e+00
 0.00000000e+00 0.00000000e+00 0.00000000e+00 0.00000000e+00
 0.00000000e+00 0.00000000e+00 0.00000000e+00 0.00000000e+00
 7.54188577e-03 0.00000000e+00 0.00000000e+00 0.00000000e+00
 0.00000000e+00 0.00000000e+00 0.00000000e+00 0.00000000e+00
 0.00000000e+00 0.00000000e+00 0.00000000e+00 0.00000000e+00
 0.00000000e+00 0.00000000e+00 0.00000000e+00 0.00000000e+00
 0.00000000e+00 0.00000000e+00]
--------------------------------------------------------------------------------------
Solution ID:  67
Fitness:[0.73883566 0.14156526]
Position:[7.38835665e-01 1.69868154e-04 2.08110589e-06 4.47736021e-05
 1.73421018e-04 2.11961793e-05 1.61768141e-05 1.32512789e-03
 1.98540929e-06 3.46180107e-05 3.60054032e-06 2.18768594e-05
 1.73623183e-03 1.30956815e-04 5.33182938e-05 8.33059143e-05
 2.51155289e-04 3.67897393e-06 8.34117279e-04 5.05025248e-05
 4.34095714e-06 1.99809361e-05 4.71154303e-05 1.44477576e-05
 2.98796979e-04 4.16498604e-06 7.03757703e-05 9.13818345e-06
 5.05845536e-05 8.53956719e-04]
--------------------------------------------------------------------------------------
Solution ID:  68
Fitness:[0.71956982 0.15354019]
Position:[7.19569821e-01 2.99463302e-04 1.22875822e-05 7.11940462e-05
 2.26137489e-04 5.55776342e-05 3.03705386e-05 2.16596933e-03
 2.97327237e-05 5.14926727e-05 2.19750780e-05 4.94802815e-05
 1.63209297e-03 2.26808814e-04 1.14995726e-04 1.82630174e-04
 2.74890434e-04 1.48419675e-05 1.59313967e-03 9.37915579e-05
 4.33249023e-05 4.98003864e-05 8.39271331e-05 3.52347002e-05
 1.09391898e-03 2.19906215e-05 1.43153195e-04 3.22382694e-05
 5.57473317e-05 1.44260669e-03]
--------------------------------------------------------------------------------------
Solution ID:  69
Fitness:[0.72905287 0.14927831]
Position:[7.29052867e-01 1.97394379e-03 7.11251145e-05 1.96587377e-04
 2.61662868e-04 2.13026165e-04 2.27188465e-05 3.53426148e-03
 1.28599308e-04 2.11841144e-04 2.35611561e-04 3.37178083e-05
 4.01678940e-03 1.04009329e-04 1.41724060e-04 4.18813895e-04
 2.14365458e-04 4.82335526e-05 1.92698205e-03 6.90590605e-05
 1.23314577e-04 1.18934084e-04 5.18624505e-05 4.45884377e-04
 1.66734590e-03 4.31285834e-04 1.09321470e-04 3.84340637e-05
 7.36306871e-05 6.65710546e-04]
--------------------------------------------------------------------------------------
Solution ID:  70
Fitness:[0.73527255 0.14471089]
Position:[7.35272546e-01 4.36590224e-04 1.94030070e-05 8.75793330e-05
 2.34379370e-04 7.87006563e-05 4.00997658e-05 2.93991308e-03
 4.62239802e-05 5.71087207e-05 3.50837863e-05 6.60721809e-05
 1.34206264e-03 2.63820802e-04 1.57910855e-04 2.51146479e-04
 2.57259552e-04 2.15970829e-05 2.07491794e-03 1.13037356e-04
 6.64725955e-05 7.31411611e-05 1.05161581e-04 5.49470004e-05
 1.52801888e-03 4.04241965e-05 1.78783109e-04 4.82026327e-05
 5.70716986e-05 1.67578266e-03]
--------------------------------------------------------------------------------------
Solution ID:  71
Fitness:[0.72363672 0.15209287]
Position:[7.23636721e-01 7.62527614e-04 1.56079407e-04 1.15463523e-04
 1.64620405e-04 6.24347740e-05 3.49812019e-05 3.06997924e-03
 1.89751293e-04 3.69432822e-05 6.46473184e-05 3.08853498e-05
 7.39247445e-04 2.58984009e-04 2.15447396e-04 1.97826191e-04
 2.67733168e-04 6.45510916e-05 2.13105995e-03 2.42646721e-04
 8.84464257e-05 1.72248505e-05 9.50469111e-05 1.88459488e-04
 3.54849154e-03 1.73280395e-04 2.81444476e-04 2.32144341e-05
 3.52859879e-05 2.21236432e-03]
--------------------------------------------------------------------------------------
Solution ID:  72
Fitness:[0.37127768 0.39092474]
Position:[3.71277679e-01 0.00000000e+00 0.00000000e+00 0.00000000e+00
 0.00000000e+00 0.00000000e+00 0.00000000e+00 0.00000000e+00
 0.00000000e+00 0.00000000e+00 2.70346256e-07 0.00000000e+00
 0.00000000e+00 2.42645528e-04 1.03111852e-04 0.00000000e+00
 0.00000000e+00 0.00000000e+00 0.00000000e+00 3.84318873e-04
 0.00000000e+00 0.00000000e+00 2.67933013e-04 0.00000000e+00
 0.00000000e+00 0.00000000e+00 5.54684375e-05 1.06262973e-04
 0.00000000e+00 0.00000000e+00]
--------------------------------------------------------------------------------------
Solution ID:  73
Fitness:[0.39106834 0.37558132]
Position:[3.91068344e-01 0.00000000e+00 0.00000000e+00 0.00000000e+00
 0.00000000e+00 0.00000000e+00 2.95574209e-06 4.01669370e-03
 0.00000000e+00 0.00000000e+00 6.12345038e-06 1.82276472e-06
 0.00000000e+00 0.00000000e+00 0.00000000e+00 0.00000000e+00
 0.00000000e+00 0.00000000e+00 0.00000000e+00 0.00000000e+00
 0.00000000e+00 0.00000000e+00 0.00000000e+00 1.16671870e-04
 0.00000000e+00 1.55267664e-04 0.00000000e+00 8.73422857e-05
 0.00000000e+00 0.00000000e+00]
--------------------------------------------------------------------------------------
Solution ID:  74
Fitness:[0.58882205 0.23268489]
Position:[5.88822055e-01 0.00000000e+00 0.00000000e+00 0.00000000e+00
 0.00000000e+00 0.00000000e+00 0.00000000e+00 0.00000000e+00
 0.00000000e+00 0.00000000e+00 0.00000000e+00 0.00000000e+00
 0.00000000e+00 0.00000000e+00 0.00000000e+00 0.00000000e+00
 0.00000000e+00 0.00000000e+00 1.68911671e-04 0.00000000e+00
 0.00000000e+00 0.00000000e+00 0.00000000e+00 0.00000000e+00
 0.00000000e+00 0.00000000e+00 0.00000000e+00 0.00000000e+00
 0.00000000e+00 0.00000000e+00]
--------------------------------------------------------------------------------------
Solution ID:  75
Fitness:[0.58167857 0.23915638]
Position:[5.81678574e-01 1.08499069e-03 0.00000000e+00 0.00000000e+00
 0.00000000e+00 0.00000000e+00 0.00000000e+00 0.00000000e+00
 0.00000000e+00 0.00000000e+00 0.00000000e+00 0.00000000e+00
 8.40300217e-03 0.00000000e+00 0.00000000e+00 0.00000000e+00
 0.00000000e+00 0.00000000e+00 0.00000000e+00 0.00000000e+00
 0.00000000e+00 0.00000000e+00 0.00000000e+00 0.00000000e+00
 0.00000000e+00 0.00000000e+00 6.46672965e-05 0.00000000e+00
 0.00000000e+00 0.00000000e+00]
--------------------------------------------------------------------------------------
Solution ID:  76
Fitness:[0.5514038  0.25833254]
Position:[5.51403801e-01 1.04136677e-04 3.04538137e-05 3.55995789e-05
 2.24409597e-04 4.14985841e-05 3.74211301e-06 1.28004275e-04
 1.73885127e-05 4.62553026e-05 8.38342385e-05 1.03978531e-05
 1.60820499e-04 1.21632295e-04 1.94009374e-05 6.95046488e-05
 3.27986932e-04 3.77722491e-05 9.07583054e-04 2.27539527e-05
 9.97890194e-05 1.59542841e-05 3.52471820e-05 1.85688362e-04
 6.22494070e-04 3.56917452e-05 4.15136142e-05 1.13184725e-05
 1.17851456e-05 1.14986413e-03]
--------------------------------------------------------------------------------------
Solution ID:  77
Fitness:[0.59775065 0.22963765]
Position:[5.97750650e-01 1.82703489e-03 2.04294603e-04 0.00000000e+00
 2.69103765e-05 1.46663708e-04 0.00000000e+00 2.36409629e-03
 1.39467888e-04 1.05700262e-04 2.09918466e-04 0.00000000e+00
 2.47435476e-04 0.00000000e+00 0.00000000e+00 2.08230359e-04
 5.58354861e-06 2.09475906e-04 1.24597600e-03 0.00000000e+00
 3.19179339e-04 1.11197563e-04 0.00000000e+00 6.53645842e-04
 3.71508982e-03 7.52346419e-04 0.00000000e+00 6.05563721e-06
 5.37199715e-05 2.04567284e-03]
--------------------------------------------------------------------------------------
Solution ID:  78
Fitness:[0.58082474 0.2451829 ]
Position:[5.80824737e-01 1.81905467e-03 3.23585131e-04 2.52121994e-04
 3.68120342e-04 1.40066407e-04 7.12350491e-05 7.14758205e-03
 4.20255619e-04 8.16934419e-05 1.46156684e-04 7.84119273e-05
 2.40178489e-03 6.42405732e-04 4.86333094e-04 4.80199736e-04
 5.92826571e-04 1.30399122e-04 5.78124859e-03 5.31660673e-04
 1.55686838e-04 6.01874554e-05 2.20554087e-04 4.63985173e-04
 7.34096102e-03 4.33434366e-04 6.29743651e-04 5.13066918e-05
 8.19466673e-05 6.61040091e-03]
--------------------------------------------------------------------------------------
Solution ID:  79
Fitness:[0.56261871 0.25034515]
Position:[5.62618712e-01 0.00000000e+00 0.00000000e+00 0.00000000e+00
 0.00000000e+00 0.00000000e+00 2.99190768e-06 1.38600804e-03
 0.00000000e+00 0.00000000e+00 0.00000000e+00 0.00000000e+00
 0.00000000e+00 1.74786260e-05 1.11396248e-05 0.00000000e+00
 0.00000000e+00 0.00000000e+00 7.28304699e-04 0.00000000e+00
 0.00000000e+00 0.00000000e+00 3.56940642e-05 0.00000000e+00
 0.00000000e+00 0.00000000e+00 5.72025490e-06 0.00000000e+00
 0.00000000e+00 0.00000000e+00]
--------------------------------------------------------------------------------------
Solution ID:  80
Fitness:[0.56184231 0.25338785]
Position:[5.61842306e-01 2.49318746e-03 2.03611628e-04 4.75339301e-05
 7.63551607e-05 1.05722006e-04 7.35702258e-05 4.20177114e-03
 1.69817739e-04 7.24003420e-05 2.19827918e-04 9.30855568e-06
 1.59780825e-03 7.47811227e-05 1.05817532e-05 1.37818892e-04
 1.20303318e-04 1.11226403e-04 3.12011053e-04 1.62365752e-05
 6.38636753e-05 9.14574953e-05 1.57382138e-05 4.14936142e-04
 3.00983356e-03 4.59085101e-04 3.91558888e-05 5.64257933e-05
 8.74104561e-05 8.97234519e-04]
--------------------------------------------------------------------------------------
Solution ID:  81
Fitness:[0.56744524 0.24961162]
Position:[5.67445242e-01 3.57384619e-03 2.45355186e-04 3.20529570e-04
 2.02730277e-04 4.84157851e-04 0.00000000e+00 4.38566383e-03
 3.19174089e-04 3.40362284e-04 5.01536355e-05 0.00000000e+00
 1.65417302e-03 2.18199101e-04 4.00607471e-04 1.00727391e-03
 1.75798502e-04 1.22037159e-04 0.00000000e+00 0.00000000e+00
 0.00000000e+00 3.19950036e-04 0.00000000e+00 1.60923820e-04
 4.52762939e-04 8.13813035e-05 0.00000000e+00 6.50615367e-05
 0.00000000e+00 4.06313577e-04]
--------------------------------------------------------------------------------------
Solution ID:  82
Fitness:[0.81979581 0.09537315]
Position:[0.81979581 0.         0.         0.         0.         0.
 0.         0.         0.         0.         0.         0.
 0.00470226 0.         0.         0.         0.         0.
 0.         0.         0.         0.         0.         0.
 0.         0.         0.         0.         0.         0.        ]
--------------------------------------------------------------------------------------
Solution ID:  83
Fitness:[0.82875213 0.09173062]
Position:[8.28752131e-01 1.62171474e-03 0.00000000e+00 1.89179085e-04
 0.00000000e+00 0.00000000e+00 0.00000000e+00 0.00000000e+00
 0.00000000e+00 6.42715284e-05 0.00000000e+00 0.00000000e+00
 1.65460644e-03 2.27657376e-04 2.85301261e-05 0.00000000e+00
 0.00000000e+00 2.96642159e-05 0.00000000e+00 0.00000000e+00
 4.34889963e-04 0.00000000e+00 0.00000000e+00 1.24983412e-04
 7.59929921e-03 1.67266581e-04 0.00000000e+00 0.00000000e+00
 2.02221566e-04 0.00000000e+00]
--------------------------------------------------------------------------------------
Solution ID:  84
Fitness:[0.80552533 0.10301482]
Position:[8.05525331e-01 0.00000000e+00 0.00000000e+00 0.00000000e+00
 0.00000000e+00 0.00000000e+00 0.00000000e+00 0.00000000e+00
 0.00000000e+00 0.00000000e+00 2.45388746e-04 0.00000000e+00
 0.00000000e+00 0.00000000e+00 0.00000000e+00 0.00000000e+00
 0.00000000e+00 0.00000000e+00 0.00000000e+00 0.00000000e+00
 0.00000000e+00 0.00000000e+00 0.00000000e+00 4.20728916e-04
 2.15095442e-03 2.53791407e-04 0.00000000e+00 0.00000000e+00
 0.00000000e+00 0.00000000e+00]
--------------------------------------------------------------------------------------
Solution ID:  85
Fitness:[0.8042503  0.10731895]
Position:[8.04250301e-01 7.19113804e-04 3.27182986e-05 3.93608543e-05
 5.44689504e-04 2.44670012e-05 2.20240698e-05 6.83956969e-03
 0.00000000e+00 4.62107631e-05 0.00000000e+00 2.25214357e-06
 3.71538419e-03 0.00000000e+00 2.10689668e-07 8.95975438e-05
 7.90896856e-04 3.23975937e-05 6.78241766e-03 0.00000000e+00
 1.88968340e-05 0.00000000e+00 0.00000000e+00 7.44272500e-05
 0.00000000e+00 5.80516369e-05 0.00000000e+00 9.74076267e-06
 1.01636071e-05 4.17255237e-03]
--------------------------------------------------------------------------------------
Solution ID:  86
Fitness:[0.8387381  0.08826433]
Position:[8.38738099e-01 7.71222839e-04 4.35761130e-05 1.44584916e-04
 3.53625636e-04 1.77223857e-04 8.82495837e-05 5.98043928e-03
 1.39654731e-04 8.23269689e-05 9.34012466e-05 1.65352338e-04
 1.07759238e-03 6.01985691e-04 3.65767283e-04 5.42407102e-04
 2.42006757e-04 4.06849917e-05 4.31809315e-03 2.71953460e-04
 1.04743673e-04 1.79327857e-04 2.29516619e-04 1.02851246e-04
 3.54950420e-03 8.43030020e-05 4.21427563e-04 1.30310459e-04
 6.81756344e-05 3.90726797e-03]
--------------------------------------------------------------------------------------
Solution ID:  87
Fitness:[0.81789157 0.09763403]
Position:[8.17891572e-01 1.42485673e-03 9.18336734e-05 1.13267850e-04
 9.85187199e-05 7.18687943e-05 3.79461758e-05 1.26912640e-03
 7.86497691e-05 8.49578578e-05 5.52006647e-05 2.04344495e-05
 1.19518804e-03 3.66871921e-04 6.16453779e-05 1.82878121e-04
 1.22648365e-04 8.27709917e-05 1.28561328e-03 6.56947960e-05
 9.80300868e-05 5.87818951e-05 6.45432214e-05 7.47923982e-05
 2.55182195e-03 6.50170657e-05 1.12752147e-04 2.05489420e-05
 8.55935851e-05 1.95794617e-03]
--------------------------------------------------------------------------------------
Solution ID:  88
Fitness:[1. 0.]
Position:[1. 0. 0. 0. 0. 0. 0. 0. 0. 0. 0. 0. 0. 0. 0. 0. 0. 0. 0. 0. 0. 0. 0. 0.
 0. 0. 0. 0. 0. 0.]
--------------------------------------------------------------------------------------
Solution ID:  89
Fitness:[0.00741419 0.91529283]
Position:[7.41418963e-03 5.90588660e-04 5.68614773e-05 1.25832008e-05
 0.00000000e+00 0.00000000e+00 4.53049047e-05 0.00000000e+00
 1.98321748e-06 0.00000000e+00 2.43737173e-05 0.00000000e+00
 0.00000000e+00 1.10700269e-04 5.63378738e-06 0.00000000e+00
 0.00000000e+00 8.55186986e-05 2.96845792e-04 4.75661773e-05
 9.66852177e-05 2.15363631e-05 2.25929078e-05 0.00000000e+00
 3.09360200e-03 5.53941632e-05 7.63348977e-05 3.27339307e-05
 3.21643584e-05 0.00000000e+00]
--------------------------------------------------------------------------------------
Solution ID:  90
Fitness:[0.01070619 0.90319443]
Position:[1.07061929e-02 6.72951425e-04 1.22401569e-04 3.41612048e-04
 1.61362057e-04 2.26411256e-04 1.00658621e-05 4.65130149e-03
 1.54872101e-04 1.70459852e-04 5.57040325e-06 1.83982668e-05
 0.00000000e+00 7.85949851e-04 2.44538525e-04 6.89215785e-04
 2.09608894e-04 1.14952893e-04 4.21387917e-03 1.31547067e-04
 2.06119679e-04 2.30055424e-04 1.45520209e-04 1.25766838e-04
 5.94121936e-03 1.27119644e-04 6.59404638e-05 4.76173217e-05
 3.62315199e-05 2.79552551e-03]
--------------------------------------------------------------------------------------
Solution ID:  91
Fitness:[0.         1.00050196]
Position:[0.00000000e+00 0.00000000e+00 0.00000000e+00 0.00000000e+00
 9.65598373e-05 0.00000000e+00 0.00000000e+00 0.00000000e+00
 0.00000000e+00 0.00000000e+00 7.89752979e-06 0.00000000e+00
 3.12105920e-04 1.52815011e-04 3.79399555e-05 0.00000000e+00
 1.28927232e-04 0.00000000e+00 0.00000000e+00 1.88539859e-04
 2.01408628e-05 0.00000000e+00 1.54785204e-04 1.50473918e-04
 0.00000000e+00 2.00251643e-04 4.86293644e-05 1.12412792e-04
 5.94065931e-06 0.00000000e+00]
--------------------------------------------------------------------------------------
Solution ID:  92
Fitness:[0.8522203 0.0817997]
Position:[8.52220300e-01 3.57149528e-03 4.93765565e-04 3.96044678e-04
 1.86589579e-04 1.40752336e-04 6.07989865e-05 0.00000000e+00
 8.78803077e-04 2.53627653e-04 0.00000000e+00 1.14326721e-04
 1.14568555e-02 5.34979321e-04 7.78165945e-04 7.49964683e-04
 2.71008052e-04 4.47516391e-04 1.28497550e-03 7.00923348e-04
 4.00567896e-04 2.16353238e-05 2.51118427e-04 0.00000000e+00
 1.46363325e-03 0.00000000e+00 5.09734213e-04 5.37285702e-05
 2.13665969e-03 2.45271515e-03]
--------------------------------------------------------------------------------------
Solution ID:  93
Fitness:[0.85604665 0.07694559]
Position:[8.56046648e-01 5.94179113e-04 5.80081909e-05 1.68550427e-04
 0.00000000e+00 2.05252832e-05 4.13469237e-05 3.02758601e-03
 1.05236424e-04 0.00000000e+00 0.00000000e+00 8.70690403e-05
 6.14977966e-04 9.06639799e-04 1.91044389e-04 9.73447194e-05
 0.00000000e+00 2.74722178e-05 3.26661375e-03 2.81733177e-04
 1.67754609e-05 5.01065468e-05 3.43876309e-04 5.07850169e-05
 1.26461546e-03 4.76507846e-05 4.37711238e-04 3.13146136e-05
 3.12115848e-04 9.77847025e-04]
--------------------------------------------------------------------------------------
Solution ID:  94
Fitness:[0.88268718 0.06427674]
Position:[8.82687184e-01 4.32538413e-04 1.56073846e-04 7.65890551e-05
 3.99913591e-04 1.74209882e-04 8.47037148e-05 5.36350505e-03
 2.50305647e-04 7.56445756e-05 5.13465115e-05 9.47604512e-05
 4.77774181e-03 2.97914803e-04 2.57349859e-04 4.99288991e-04
 3.97542675e-04 8.95629081e-05 2.73565184e-03 2.43601470e-04
 2.02034149e-04 1.35403841e-04 1.58946201e-04 0.00000000e+00
 1.76133986e-03 7.98458806e-06 2.88906253e-04 9.88006157e-05
 4.43855723e-04 3.44615404e-03]
--------------------------------------------------------------------------------------
Solution ID:  95
Fitness:[0.85263156 0.07901851]
Position:[0.85263156 0.00092574 0.         0.         0.         0.
 0.         0.         0.         0.         0.         0.
 0.01342063 0.         0.         0.         0.         0.
 0.         0.         0.         0.         0.         0.
 0.         0.         0.         0.         0.         0.        ]
--------------------------------------------------------------------------------------
Solution ID:  96
Fitness:[0.86965229 0.07236925]
Position:[8.69652293e-01 2.76280366e-03 1.76380092e-04 3.81921520e-04
 3.49335775e-04 2.98475308e-04 5.81455441e-05 8.70065579e-03
 2.29007011e-04 2.23871840e-04 5.56564371e-05 1.11476062e-04
 0.00000000e+00 4.61967571e-04 3.81951010e-04 7.59317939e-04
 5.68571629e-04 1.19672117e-04 3.75592918e-03 1.76355657e-04
 2.01859783e-04 2.70573101e-04 1.66876210e-04 1.64167450e-04
 4.88702154e-03 2.36006605e-04 1.61766402e-04 9.53385958e-05
 9.45883807e-05 3.79875131e-03]
--------------------------------------------------------------------------------------
Solution ID:  97
Fitness:[0.89432341 0.05623617]
Position:[8.94323406e-01 1.17624554e-03 3.52646521e-05 6.32091766e-05
 1.57448635e-04 8.77080382e-05 2.30633844e-05 2.38887404e-03
 6.37266830e-05 8.23592016e-05 3.15977097e-04 1.59823289e-05
 2.12184813e-03 4.38711475e-05 5.82241312e-05 1.72088598e-04
 1.49599429e-04 1.98108446e-05 2.15490340e-03 2.49830087e-05
 2.31206400e-05 4.51449208e-05 1.69516719e-05 6.08362754e-04
 7.54754718e-04 5.56043918e-04 4.98441736e-05 3.03416481e-05
 1.59131986e-05 4.88432366e-04]
--------------------------------------------------------------------------------------
Solution ID:  98
Fitness:[0.87931286 0.0665142 ]
Position:[8.79312855e-01 1.40945719e-03 0.00000000e+00 1.21784695e-04
 4.46428998e-04 2.63692461e-04 1.04502351e-04 4.53291052e-03
 1.26705625e-04 1.05235586e-04 1.54269796e-04 2.36040471e-04
 3.60761643e-03 1.55624791e-04 3.59008849e-04 8.01570644e-04
 1.61938412e-04 1.68865419e-05 2.30791273e-03 1.31648880e-04
 9.83062508e-05 2.87658114e-04 1.17709388e-04 1.72628706e-04
 3.49821324e-03 8.28836900e-05 2.96609803e-04 2.02089726e-04
 0.00000000e+00 5.82385080e-03]
--------------------------------------------------------------------------------------
Solution ID:  99
Fitness:[0.1784338  0.58309262]
Position:[1.78433802e-01 2.84962802e-03 1.29743833e-04 3.08289536e-04
 5.57613647e-04 2.14654897e-04 2.38870996e-05 4.70972554e-03
 1.30093448e-04 1.99346382e-04 3.09015841e-05 5.25825549e-05
 9.04244968e-04 1.90404149e-04 1.83030936e-04 4.79034640e-04
 7.49911774e-04 1.21847257e-04 3.44236402e-03 1.03141450e-04
 3.67077076e-04 1.78053380e-04 1.28896021e-04 7.13501125e-05
 4.17962073e-03 1.18308808e-04 4.61356254e-05 7.11719736e-05
 1.76323857e-04 1.76774147e-03]
--------------------------------------------------------------------------------------
