0.0864203227094833 0.7072768233413019
0.05212157059848266 0.7720355303086741
0.06281190226923666 0.7496263242178925
0.07446243737830593 0.7288373887432044
0.05713122557851352 0.7628200531785762
0.09435117346749278 0.6971894101799764
0.0 1.0
0.014818121175191434 0.8899522821276972
0.45821071773822986 0.32604776552197384
0.46929479508441807 0.3165548645801761
0.47851508555799444 0.3086723397432855
0.4527924700526935 0.3280422064025152
0.3444215799250136 0.4162519674055524
0.3354016535875427 0.4241660575973362
0.34052194041931816 0.41878381232298617
0.16473530619674476 0.5969666911409185
0.16843337825832216 0.5929086612495263
0.4080615551344805 0.37330176978096025
0.4136670401517225 0.35904921661685935
0.44873409337455683 0.33147659424697057
0.41301946658442273 0.3594499213649405
0.40116692170350005 0.37405360646804636
0.42657927884167135 0.3500774158382158
0.42140014269189174 0.3530621911091412
0.20441777209158613 0.5515689608658682
0.24066126695595735 0.5108672798784077
0.2221484446016951 0.5309340412371487
0.22417979899340584 0.5265237080978543
0.3840818039985696 0.3820390340860846
0.3765104313026724 0.38815803543320326
0.37606035864423926 0.39242067055118557
0.3639700002154272 0.4033578494264046
0.3589077824453276 0.4109737004181956
0.35928923894746057 0.40351729137196257
0.3813976431963578 0.38592583423753424
0.11655678935729019 0.6654719648502548
0.1160869872671619 0.6734170868550072
0.14762570215673487 0.6160750092572113
0.9680097257496627 0.018589094580520698
0.9914417560571208 0.005550235589385418
0.5866934349152654 0.23502255372193825
0.5568916940892192 0.2544682471075217
0.5620047571862513 0.2529061152353847
0.5514853968055243 0.26293733642051764
0.5920258250165804 0.2338528067283969
0.564057179675641 0.2504175569235967
0.5968124377293622 0.23252541485617856
0.5711405654985521 0.24674301779897434
0.7039045430596444 0.16244520441415364
0.7441018627165179 0.13947124908238812
0.735806213670065 0.15049499870523747
0.7274048708729732 0.15372246558967775
0.7442123973331631 0.13818512331740107
0.7326641843571104 0.1507697169470093
0.7365204498986226 0.1441319801817112
0.7408585370379739 0.14340011141401937
0.7733888038681027 0.12057473093610582
0.7982149594071851 0.10751986523239244
0.79335950381024 0.11368831340008677
0.6646115604626815 0.19180660248962544
0.6671154544766799 0.18322864002422323
0.6870153267746023 0.17119231557167058
0.6709518662190538 0.18111302886266173
0.8911960074281937 0.05631329965455524
0.8633764969531277 0.07454589246187508
0.8586114063460698 0.07851121548030997
0.882562221945962 0.06423720235105426
0.8876299246964297 0.05875671908979084
0.8715944627405958 0.06714986067120837
0.8814828443092568 0.06581888397103257
0.84576300346062 0.0818635312137757
0.8360743599112065 0.08567564923733552
0.8354669577066939 0.08651844165425464
0.948977044807447 0.028051311513496116
0.9485108381912236 0.029270362221702713
0.9499691845289373 0.02586020686601956
0.9391260105061179 0.04276056573282694
0.9184111341304297 0.04337136174518348
0.9251979978595589 0.04295885700783639
0.19897410518912534 0.5539348644097755
0.17978835113111064 0.5772513406207371
0.18170811574336843 0.5738799467622948
0.18964120389254607 0.5660492199051779
0.5162730406354312 0.28174931629288547
0.5077634571867998 0.2897444908404671
0.5107815611647323 0.28531016436167755
0.5285945259915952 0.2777856380092648
0.5106286544243098 0.28659409845785366
0.5479997142135352 0.26660583168271007
0.635093630433199 0.2031047443064714
0.2584109470354047 0.49232471743800044
0.2684978976721689 0.48281184611219724
0.28279756888366947 0.4709317791612769
0.29400719357725014 0.4585075152114203
0.2798817978781111 0.47689723699981545
0.025723847995606175 0.8405242600262552
0.045831279396250896 0.7982270917054267
0.043515685281258105 0.8006225701662085
0.02961212381289835 0.8306472377583721
1.0 0.0
