Solution ID:  0
Fitness:[0.08642032 0.70727682]
Position:[0.08642032 0.         0.         0.         0.         0.
 0.         0.         0.         0.         0.         0.
 0.         0.         0.         0.         0.         0.00472213
 0.         0.         0.         0.         0.         0.
 0.         0.         0.         0.         0.         0.        ]
--------------------------------------------------------------------------------------
Solution ID:  1
Fitness:[0.05212157 0.77203553]
Position:[0.05212157 0.         0.00020583 0.         0.         0.
 0.00027556 0.         0.         0.         0.         0.
 0.         0.00020288 0.         0.         0.         0.
 0.         0.         0.         0.         0.00041615 0.
 0.         0.00012545 0.         0.         0.         0.        ]
--------------------------------------------------------------------------------------
Solution ID:  2
Fitness:[0.0628119  0.74962632]
Position:[6.28119023e-02 0.00000000e+00 8.23205839e-04 0.00000000e+00
 0.00000000e+00 9.53620235e-05 0.00000000e+00 0.00000000e+00
 0.00000000e+00 0.00000000e+00 0.00000000e+00 0.00000000e+00
 0.00000000e+00 0.00000000e+00 0.00000000e+00 0.00000000e+00
 0.00000000e+00 0.00000000e+00 0.00000000e+00 0.00000000e+00
 0.00000000e+00 0.00000000e+00 0.00000000e+00 0.00000000e+00
 0.00000000e+00 0.00000000e+00 0.00000000e+00 0.00000000e+00
 0.00000000e+00 0.00000000e+00]
--------------------------------------------------------------------------------------
Solution ID:  3
Fitness:[0.07446244 0.72883739]
Position:[7.44624374e-02 5.92277692e-05 6.15993637e-03 0.00000000e+00
 0.00000000e+00 0.00000000e+00 0.00000000e+00 0.00000000e+00
 0.00000000e+00 0.00000000e+00 0.00000000e+00 0.00000000e+00
 0.00000000e+00 0.00000000e+00 0.00000000e+00 0.00000000e+00
 6.83399007e-05 0.00000000e+00 0.00000000e+00 0.00000000e+00
 0.00000000e+00 0.00000000e+00 0.00000000e+00 0.00000000e+00
 0.00000000e+00 1.12894279e-04 0.00000000e+00 0.00000000e+00
 0.00000000e+00 0.00000000e+00]
--------------------------------------------------------------------------------------
Solution ID:  4
Fitness:[0.05713123 0.76282005]
Position:[5.71312256e-02 0.00000000e+00 0.00000000e+00 0.00000000e+00
 0.00000000e+00 1.39274883e-04 8.27527287e-05 0.00000000e+00
 0.00000000e+00 0.00000000e+00 0.00000000e+00 0.00000000e+00
 0.00000000e+00 0.00000000e+00 0.00000000e+00 0.00000000e+00
 0.00000000e+00 0.00000000e+00 0.00000000e+00 1.93095994e-03
 0.00000000e+00 0.00000000e+00 0.00000000e+00 0.00000000e+00
 4.12574531e-03 3.40685225e-04 0.00000000e+00 1.19020684e-04
 0.00000000e+00 0.00000000e+00]
--------------------------------------------------------------------------------------
Solution ID:  5
Fitness:[0.09435117 0.69718941]
Position:[9.43511735e-02 8.10433150e-05 1.69197277e-03 1.19976743e-03
 7.68860985e-05 2.86094009e-04 1.66804094e-04 1.99069514e-04
 8.56353589e-05 1.04017975e-04 1.29558359e-04 2.97292513e-04
 2.90320421e-04 1.38174386e-04 4.19006638e-04 3.62976497e-03
 2.54202928e-04 9.59256241e-04 1.71638768e-04 2.02738016e-03
 2.64796106e-04 4.70672241e-05 2.74356333e-04 1.24180910e-04
 1.55820853e-03 1.04079675e-04 9.35127877e-05 7.41261726e-04
 4.62523433e-04 7.00244136e-04]
--------------------------------------------------------------------------------------
Solution ID:  6
Fitness:[0. 1.]
Position:[0. 0. 0. 0. 0. 0. 0. 0. 0. 0. 0. 0. 0. 0. 0. 0. 0. 0. 0. 0. 0. 0. 0. 0.
 0. 0. 0. 0. 0. 0.]
--------------------------------------------------------------------------------------
Solution ID:  7
Fitness:[0.01481812 0.88995228]
Position:[1.48181212e-02 3.64177854e-04 1.00902492e-03 1.01964822e-03
 3.54125988e-05 3.11876736e-03 7.56127633e-04 5.91261367e-04
 5.36006989e-04 5.88898859e-04 2.79285462e-04 4.28114397e-03
 6.82537985e-04 9.00099712e-05 5.73452335e-04 7.54146047e-04
 8.20813409e-04 1.08529525e-03 6.97662378e-05 5.72902805e-03
 2.56151909e-04 7.06833255e-05 1.06728304e-02 2.94948530e-04
 4.44993218e-03 1.22271949e-03 1.46830872e-04 1.55300642e-04
 2.06881703e-04 2.12406690e-04]
--------------------------------------------------------------------------------------
Solution ID:  8
Fitness:[0.45821072 0.32604777]
Position:[4.58210718e-01 1.82065581e-04 0.00000000e+00 3.12614287e-04
 0.00000000e+00 6.38503311e-04 0.00000000e+00 4.64392348e-03
 0.00000000e+00 0.00000000e+00 0.00000000e+00 7.94585153e-04
 0.00000000e+00 0.00000000e+00 0.00000000e+00 3.89164376e-03
 0.00000000e+00 7.58665677e-04 0.00000000e+00 2.81134466e-04
 2.23918124e-04 0.00000000e+00 2.16699123e-03 0.00000000e+00
 5.17145966e-04 0.00000000e+00 0.00000000e+00 0.00000000e+00
 0.00000000e+00 0.00000000e+00]
--------------------------------------------------------------------------------------
Solution ID:  9
Fitness:[0.4692948  0.31655486]
Position:[4.69294795e-01 1.53848667e-04 0.00000000e+00 0.00000000e+00
 0.00000000e+00 0.00000000e+00 0.00000000e+00 3.41884897e-04
 0.00000000e+00 0.00000000e+00 0.00000000e+00 0.00000000e+00
 0.00000000e+00 0.00000000e+00 0.00000000e+00 0.00000000e+00
 1.67175045e-04 0.00000000e+00 0.00000000e+00 2.58148205e-03
 0.00000000e+00 0.00000000e+00 0.00000000e+00 0.00000000e+00
 4.48266105e-03 5.58343655e-07 0.00000000e+00 0.00000000e+00
 1.39808542e-04 0.00000000e+00]
--------------------------------------------------------------------------------------
Solution ID:  10
Fitness:[0.47851509 0.30867234]
Position:[4.78515086e-01 0.00000000e+00 3.15261449e-04 2.41200945e-04
 0.00000000e+00 0.00000000e+00 0.00000000e+00 0.00000000e+00
 0.00000000e+00 0.00000000e+00 0.00000000e+00 0.00000000e+00
 0.00000000e+00 0.00000000e+00 0.00000000e+00 0.00000000e+00
 0.00000000e+00 4.81737930e-05 0.00000000e+00 3.87328786e-04
 0.00000000e+00 3.33611496e-05 0.00000000e+00 0.00000000e+00
 0.00000000e+00 0.00000000e+00 0.00000000e+00 0.00000000e+00
 7.22108284e-05 9.72131614e-04]
--------------------------------------------------------------------------------------
Solution ID:  11
Fitness:[0.45279247 0.32804221]
Position:[4.52792470e-01 7.35046680e-05 7.59852547e-04 2.06506080e-04
 7.35358182e-06 6.46213775e-05 7.72763397e-05 2.19415561e-04
 0.00000000e+00 3.99096330e-06 6.26921684e-05 2.27706171e-04
 1.47812201e-05 2.05444214e-05 7.33734736e-05 2.72638417e-04
 3.07886217e-06 5.78628668e-04 1.12376108e-04 7.95722109e-04
 8.73703799e-06 4.76239456e-05 0.00000000e+00 2.16583643e-05
 3.36831273e-04 4.18548913e-05 1.53441964e-04 1.15335590e-04
 3.17478050e-05 2.36268934e-04]
--------------------------------------------------------------------------------------
Solution ID:  12
Fitness:[0.34442158 0.41625197]
Position:[3.44421580e-01 1.96717649e-04 1.12882609e-03 1.60141436e-04
 2.20122755e-04 1.73211155e-03 2.29456049e-04 5.06745525e-04
 1.82909023e-04 1.90199992e-04 1.88832109e-04 2.51712324e-04
 7.48107563e-05 2.88485544e-04 9.24096559e-04 7.91535033e-05
 1.02040000e-04 4.61693216e-04 4.84313081e-06 1.68531351e-03
 4.32041391e-05 1.31875408e-04 1.71583001e-03 1.10348012e-04
 2.49157170e-03 1.10727093e-04 1.77540831e-04 2.53650894e-04
 1.84998415e-04 4.23129874e-04]
--------------------------------------------------------------------------------------
Solution ID:  13
Fitness:[0.33540165 0.42416606]
Position:[3.35401654e-01 1.60773928e-04 1.57249339e-03 3.57097429e-04
 7.98324014e-05 6.68400288e-04 3.74371433e-04 2.68055478e-04
 1.08068705e-04 1.20261093e-04 2.11027569e-04 4.89743403e-04
 1.75113490e-04 2.17044734e-04 1.01175970e-03 1.73250561e-03
 7.34971824e-05 1.25640884e-03 1.48869769e-05 2.00811346e-03
 1.36981151e-04 2.67407525e-05 1.20853779e-03 1.25595947e-04
 1.43520471e-03 1.00757237e-04 3.49219268e-05 6.18072131e-05
 2.66304794e-04 6.85714830e-04]
--------------------------------------------------------------------------------------
Solution ID:  14
Fitness:[0.34052194 0.41878381]
Position:[3.40521940e-01 3.04474066e-04 4.17831076e-03 0.00000000e+00
 1.92098686e-04 0.00000000e+00 5.42874341e-04 0.00000000e+00
 1.52529071e-04 2.43977356e-04 2.61343902e-04 2.27484455e-04
 4.02192784e-04 2.40845960e-04 1.77280480e-03 0.00000000e+00
 1.58531548e-04 0.00000000e+00 1.63727249e-04 0.00000000e+00
 1.47546590e-04 8.90452278e-05 0.00000000e+00 1.06931954e-04
 0.00000000e+00 0.00000000e+00 2.13767410e-04 0.00000000e+00
 1.76117405e-04 1.00618274e-03]
--------------------------------------------------------------------------------------
Solution ID:  15
Fitness:[0.16473531 0.59696669]
Position:[1.64735306e-01 0.00000000e+00 5.34609846e-03 0.00000000e+00
 1.88527533e-04 0.00000000e+00 5.24940224e-04 0.00000000e+00
 2.28923055e-04 1.92684289e-04 3.53065130e-04 0.00000000e+00
 2.39266789e-04 4.46640288e-04 1.61328344e-03 0.00000000e+00
 6.54387196e-05 0.00000000e+00 1.41000210e-04 0.00000000e+00
 0.00000000e+00 8.83999959e-05 0.00000000e+00 2.46556807e-04
 0.00000000e+00 1.04841382e-04 1.36268054e-04 1.84859923e-04
 5.41827953e-04 8.46601476e-04]
--------------------------------------------------------------------------------------
Solution ID:  16
Fitness:[0.16843338 0.59290866]
Position:[1.68433378e-01 0.00000000e+00 0.00000000e+00 0.00000000e+00
 5.46334596e-04 0.00000000e+00 2.63275365e-04 1.20212602e-05
 4.47232319e-04 4.74515117e-04 6.12926016e-05 5.92315907e-04
 0.00000000e+00 4.06178387e-04 8.15341201e-04 0.00000000e+00
 1.60271574e-04 0.00000000e+00 2.06000427e-03 0.00000000e+00
 6.71086886e-04 0.00000000e+00 5.36893260e-03 4.49728931e-04
 0.00000000e+00 6.34194754e-05 6.23682129e-04 4.20328078e-04
 0.00000000e+00 0.00000000e+00]
--------------------------------------------------------------------------------------
Solution ID:  17
Fitness:[0.40806156 0.37330177]
Position:[4.08061555e-01 3.90725394e-04 2.10542503e-03 2.49635133e-03
 0.00000000e+00 2.07957096e-03 1.80972839e-04 9.23044579e-04
 1.11798913e-04 1.76871222e-04 1.19389735e-04 1.71392080e-03
 1.39877914e-03 5.19607255e-05 5.10325716e-04 1.16620321e-02
 0.00000000e+00 5.72208511e-03 2.07927415e-03 1.27221579e-02
 1.74485292e-04 2.29260298e-04 4.50535879e-03 3.96957765e-04
 3.81603237e-03 7.86617141e-05 3.51998147e-04 0.00000000e+00
 7.13824734e-04 2.45071806e-03]
--------------------------------------------------------------------------------------
Solution ID:  18
Fitness:[0.41366704 0.35904922]
Position:[4.13667040e-01 9.61775141e-05 0.00000000e+00 7.90702337e-04
 0.00000000e+00 8.08307126e-04 1.42155646e-04 0.00000000e+00
 0.00000000e+00 0.00000000e+00 0.00000000e+00 1.59237440e-04
 0.00000000e+00 0.00000000e+00 0.00000000e+00 4.17200120e-03
 6.78249314e-05 1.53286040e-03 0.00000000e+00 1.88985156e-03
 1.65908237e-04 1.01255350e-04 0.00000000e+00 0.00000000e+00
 2.31816807e-04 3.46113524e-04 0.00000000e+00 2.99263539e-05
 0.00000000e+00 0.00000000e+00]
--------------------------------------------------------------------------------------
Solution ID:  19
Fitness:[0.44873409 0.33147659]
Position:[4.48734093e-01 0.00000000e+00 2.74675829e-03 0.00000000e+00
 1.21050683e-04 0.00000000e+00 3.98114744e-05 6.45663388e-05
 2.16859068e-04 1.28129996e-04 0.00000000e+00 1.05355248e-03
 0.00000000e+00 1.25434013e-04 3.60686037e-04 0.00000000e+00
 0.00000000e+00 0.00000000e+00 9.92185834e-04 0.00000000e+00
 1.80380798e-04 1.92131354e-05 1.91318511e-04 8.05325874e-05
 0.00000000e+00 0.00000000e+00 1.43164620e-04 8.88544320e-05
 0.00000000e+00 0.00000000e+00]
--------------------------------------------------------------------------------------
Solution ID:  20
Fitness:[0.41301947 0.35944992]
Position:[4.13019467e-01 3.17781442e-04 1.90504013e-04 0.00000000e+00
 0.00000000e+00 2.02865418e-04 1.92996727e-04 8.30299464e-04
 0.00000000e+00 5.71492509e-05 0.00000000e+00 7.13721066e-04
 3.37929200e-05 4.69687877e-05 1.68376304e-04 0.00000000e+00
 2.07215210e-05 0.00000000e+00 2.56914979e-04 3.11313588e-03
 2.83382578e-05 1.08878169e-04 1.60731154e-03 5.07954958e-05
 9.97243385e-04 1.56764423e-04 3.54478296e-04 4.62926377e-04
 1.30008181e-04 0.00000000e+00]
--------------------------------------------------------------------------------------
Solution ID:  21
Fitness:[0.40116692 0.37405361]
Position:[4.01166922e-01 2.98377044e-04 1.15219319e-02 8.59142880e-04
 4.00626588e-04 4.85913400e-04 1.01340700e-03 0.00000000e+00
 6.17854749e-04 3.87262559e-04 4.99622559e-04 4.68226372e-04
 3.97650609e-04 6.06274769e-04 2.28357287e-03 2.10982227e-03
 3.41151583e-04 1.28955966e-03 3.50386632e-04 2.18837605e-04
 7.29454134e-04 4.26658190e-04 5.47123039e-04 4.05429727e-04
 7.75807734e-04 7.41728127e-04 4.74225704e-04 6.27001007e-04
 1.04716754e-03 5.07359203e-03]
--------------------------------------------------------------------------------------
Solution ID:  22
Fitness:[0.42657928 0.35007742]
Position:[4.26579279e-01 1.11787051e-04 1.64415597e-03 7.47344534e-04
 5.96032511e-05 1.20446585e-03 0.00000000e+00 0.00000000e+00
 1.97901656e-07 0.00000000e+00 0.00000000e+00 0.00000000e+00
 0.00000000e+00 4.02188345e-05 0.00000000e+00 3.64416059e-03
 1.34040299e-05 1.63560495e-03 0.00000000e+00 2.64654783e-05
 1.11383009e-04 0.00000000e+00 2.77865793e-03 9.45715349e-05
 3.22761913e-03 0.00000000e+00 0.00000000e+00 0.00000000e+00
 0.00000000e+00 0.00000000e+00]
--------------------------------------------------------------------------------------
Solution ID:  23
Fitness:[0.42140014 0.35306219]
Position:[0.42140014 0.         0.         0.         0.         0.
 0.         0.         0.         0.         0.         0.
 0.         0.         0.         0.00675566 0.         0.00160096
 0.         0.         0.         0.         0.0022091  0.
 0.         0.         0.         0.         0.         0.        ]
--------------------------------------------------------------------------------------
Solution ID:  24
Fitness:[0.20441777 0.55156896]
Position:[0.20441777 0.         0.00880554 0.00111759 0.         0.00217456
 0.         0.         0.         0.         0.         0.
 0.         0.         0.         0.         0.         0.00327995
 0.         0.         0.         0.         0.         0.
 0.         0.         0.         0.         0.         0.        ]
--------------------------------------------------------------------------------------
Solution ID:  25
Fitness:[0.24066127 0.51086728]
Position:[2.40661267e-01 2.33326761e-05 2.43231059e-03 0.00000000e+00
 1.99123992e-04 0.00000000e+00 5.91069770e-05 3.33677845e-04
 1.82551130e-04 1.45787786e-04 7.48221784e-05 5.82267980e-04
 0.00000000e+00 2.05140366e-04 1.45104960e-04 0.00000000e+00
 1.23226459e-04 0.00000000e+00 3.98718394e-04 0.00000000e+00
 3.09240562e-04 7.68206724e-05 0.00000000e+00 1.71339899e-04
 0.00000000e+00 8.30781842e-05 2.37147368e-04 3.62854419e-04
 0.00000000e+00 0.00000000e+00]
--------------------------------------------------------------------------------------
Solution ID:  26
Fitness:[0.22214844 0.53093404]
Position:[2.22148445e-01 4.19221031e-05 2.70040576e-03 0.00000000e+00
 4.19776564e-04 0.00000000e+00 1.60922939e-04 1.65301702e-04
 3.73815705e-04 3.37403228e-04 9.35894009e-05 7.94626720e-04
 0.00000000e+00 3.80220190e-04 4.53495449e-04 0.00000000e+00
 2.07082021e-04 0.00000000e+00 1.18619058e-03 0.00000000e+00
 5.83197163e-04 7.74896739e-05 0.00000000e+00 3.44307767e-04
 0.00000000e+00 1.14584714e-04 4.98534388e-04 5.93745076e-04
 0.00000000e+00 0.00000000e+00]
--------------------------------------------------------------------------------------
Solution ID:  27
Fitness:[0.2241798  0.52652371]
Position:[0.2241798 0.        0.        0.        0.        0.        0.
 0.        0.        0.        0.        0.        0.        0.
 0.        0.        0.        0.        0.        0.        0.
 0.        0.        0.        0.        0.        0.        0.
 0.        0.       ]
--------------------------------------------------------------------------------------
Solution ID:  28
Fitness:[0.3840818  0.38203903]
Position:[3.84081804e-01 1.48745614e-04 9.56207769e-04 3.38924347e-04
 1.21710856e-05 1.02650867e-04 9.76572622e-05 3.93383610e-04
 5.36137265e-05 2.89177929e-05 1.20401059e-04 3.69505195e-04
 1.70993783e-05 2.37664301e-05 8.51992112e-05 1.10901796e-03
 2.06635656e-05 9.82007835e-04 1.30000201e-04 1.37316232e-03
 1.43392933e-05 5.50928717e-05 8.13307285e-04 2.57027625e-05
 1.53434629e-04 7.43523483e-05 1.79367704e-04 2.08781312e-04
 4.09894264e-05 3.91054251e-04]
--------------------------------------------------------------------------------------
Solution ID:  29
Fitness:[0.37651043 0.38815804]
Position:[3.76510431e-01 2.52867543e-04 5.46187885e-04 0.00000000e+00
 2.46720653e-06 1.74506474e-04 1.66017346e-04 6.68752137e-04
 1.08680639e-05 4.91602479e-05 2.44065557e-05 6.17665431e-04
 2.90689431e-05 4.04029311e-05 1.44838659e-04 0.00000000e+00
 4.18872116e-06 1.63207915e-04 2.21000342e-04 2.33437594e-03
 2.43767986e-05 9.36578818e-05 1.38262238e-03 4.36946963e-05
 2.60838869e-04 1.26398992e-04 3.04925097e-04 3.54928230e-04
 6.96820249e-05 7.92707921e-05]
--------------------------------------------------------------------------------------
Solution ID:  30
Fitness:[0.37606036 0.39242067]
Position:[3.76060359e-01 1.38358697e-04 5.96037539e-04 1.47553826e-03
 5.74266456e-05 1.75148203e-03 5.58108810e-06 3.58680468e-05
 2.34015321e-07 3.05301574e-06 2.99060474e-06 2.62059789e-05
 1.10044068e-05 5.68062737e-05 1.56135615e-05 5.71332378e-03
 2.18941419e-05 3.51208447e-03 1.81861710e-05 1.29721194e-04
 1.55631690e-04 6.92612819e-06 3.99653283e-03 1.40443464e-04
 8.33767287e-03 1.58398343e-06 8.29804630e-06 2.03434576e-05
 1.04577297e-05 2.17685410e-05]
--------------------------------------------------------------------------------------
Solution ID:  31
Fitness:[0.36397    0.40335785]
Position:[3.63970000e-01 2.32412881e-04 1.02615674e-02 7.66055839e-04
 3.60883675e-04 4.52011891e-04 9.10656956e-04 0.00000000e+00
 5.39125960e-04 3.37381211e-04 4.52835505e-04 3.79823312e-04
 3.38480014e-04 5.54076730e-04 2.06301967e-03 2.01830222e-03
 3.01259962e-04 1.15387177e-03 3.22144741e-04 0.00000000e+00
 6.30421330e-04 3.68969865e-04 4.44628663e-04 3.65137445e-04
 5.38172937e-04 6.59914171e-04 4.15066424e-04 5.64130635e-04
 9.18294540e-04 4.33618434e-03]
--------------------------------------------------------------------------------------
Solution ID:  32
Fitness:[0.35890778 0.4109737 ]
Position:[0.35890778 0.00119407 0.00382346 0.00079415 0.0011118  0.00079159
 0.00144317 0.00099374 0.00082972 0.0010152  0.00113712 0.00183283
 0.00120985 0.00110337 0.00210275 0.00181707 0.00183129 0.00089455
 0.0006559  0.00232233 0.00080518 0.00092826 0.00320159 0.00116092
 0.00771234 0.00253649 0.00072744 0.00075937 0.0005747  0.00091019]
--------------------------------------------------------------------------------------
Solution ID:  33
Fitness:[0.35928924 0.40351729]
Position:[3.59289239e-01 0.00000000e+00 0.00000000e+00 0.00000000e+00
 0.00000000e+00 9.33538473e-04 0.00000000e+00 2.39997997e-03
 0.00000000e+00 0.00000000e+00 0.00000000e+00 1.89740294e-03
 0.00000000e+00 0.00000000e+00 0.00000000e+00 0.00000000e+00
 1.67526147e-04 0.00000000e+00 0.00000000e+00 1.80630674e-03
 0.00000000e+00 0.00000000e+00 4.35905083e-03 0.00000000e+00
 1.51895464e-03 3.51198481e-04 0.00000000e+00 0.00000000e+00
 1.72451813e-05 0.00000000e+00]
--------------------------------------------------------------------------------------
Solution ID:  34
Fitness:[0.38139764 0.38592583]
Position:[3.81397643e-01 6.38357847e-05 3.95782135e-03 2.28853084e-04
 2.30212318e-05 6.26763760e-04 1.07476204e-04 1.50413681e-04
 7.89727438e-05 3.54221391e-06 1.51434614e-04 8.98092371e-04
 2.03918590e-05 1.93780788e-05 1.05997441e-04 3.52345257e-03
 1.75009752e-04 1.66889112e-03 1.39355530e-04 4.66428075e-04
 1.35617802e-05 4.29669286e-06 1.23886410e-03 1.96601746e-04
 1.66361448e-03 3.18814697e-04 1.48159907e-04 1.38111592e-04
 1.34449382e-04 4.03429955e-05]
--------------------------------------------------------------------------------------
Solution ID:  35
Fitness:[0.11655679 0.66547196]
Position:[1.16556789e-01 2.06784391e-04 2.13801692e-03 7.84865334e-04
 6.71556331e-05 1.08429347e-03 7.16916885e-04 6.80242187e-04
 1.46293037e-04 2.43319326e-04 1.66005788e-04 8.71617091e-04
 4.14628777e-04 3.92580861e-05 7.48225720e-04 2.82087336e-03
 6.83631073e-04 1.75688210e-03 9.22609827e-05 4.66664282e-03
 2.17595994e-04 2.61203845e-04 3.98074707e-03 2.15792058e-04
 7.07743214e-04 1.44951898e-03 2.35434516e-05 5.16648470e-04
 5.91912329e-04 4.13035228e-04]
--------------------------------------------------------------------------------------
Solution ID:  36
Fitness:[0.11608699 0.67341709]
Position:[0.11608699 0.         0.00659723 0.00330457 0.00060868 0.00181852
 0.00124862 0.         0.00050083 0.00053116 0.00083615 0.
 0.00057696 0.00108066 0.00312422 0.01264953 0.         0.00876054
 0.00084086 0.         0.00061472 0.0003439  0.00646604 0.00080364
 0.         0.00033155 0.00046259 0.00038529 0.0007385  0.00221649]
--------------------------------------------------------------------------------------
Solution ID:  37
Fitness:[0.1476257  0.61607501]
Position:[1.47625702e-01 0.00000000e+00 0.00000000e+00 0.00000000e+00
 0.00000000e+00 0.00000000e+00 0.00000000e+00 7.83151206e-05
 0.00000000e+00 0.00000000e+00 0.00000000e+00 0.00000000e+00
 0.00000000e+00 0.00000000e+00 0.00000000e+00 0.00000000e+00
 3.15107429e-05 0.00000000e+00 0.00000000e+00 0.00000000e+00
 0.00000000e+00 0.00000000e+00 0.00000000e+00 0.00000000e+00
 9.84018241e-04 0.00000000e+00 0.00000000e+00 8.63589147e-05
 0.00000000e+00 0.00000000e+00]
--------------------------------------------------------------------------------------
Solution ID:  38
Fitness:[0.96800973 0.01858909]
Position:[0.96800973 0.         0.         0.         0.         0.
 0.         0.         0.         0.         0.         0.
 0.         0.         0.         0.00313196 0.         0.
 0.         0.         0.         0.         0.01247657 0.
 0.         0.         0.         0.         0.         0.        ]
--------------------------------------------------------------------------------------
Solution ID:  39
Fitness:[0.99144176 0.00555024]
Position:[9.91441756e-01 0.00000000e+00 0.00000000e+00 5.86118718e-04
 0.00000000e+00 0.00000000e+00 0.00000000e+00 2.04758679e-05
 0.00000000e+00 1.63092528e-05 2.76711632e-06 0.00000000e+00
 0.00000000e+00 0.00000000e+00 0.00000000e+00 7.25175740e-03
 1.82075385e-05 0.00000000e+00 2.19777571e-05 0.00000000e+00
 5.09289829e-05 0.00000000e+00 0.00000000e+00 1.44167230e-05
 0.00000000e+00 2.29288894e-05 0.00000000e+00 8.67205908e-05
 0.00000000e+00 0.00000000e+00]
--------------------------------------------------------------------------------------
Solution ID:  40
Fitness:[0.58669343 0.23502255]
Position:[0.58669343 0.         0.         0.         0.         0.
 0.         0.         0.         0.         0.         0.
 0.         0.         0.         0.00512547 0.         0.
 0.         0.         0.         0.         0.         0.
 0.         0.         0.         0.         0.         0.        ]
--------------------------------------------------------------------------------------
Solution ID:  41
Fitness:[0.55689169 0.25446825]
Position:[5.56891694e-01 0.00000000e+00 2.58855583e-03 0.00000000e+00
 0.00000000e+00 6.51492811e-04 0.00000000e+00 3.90415785e-05
 0.00000000e+00 0.00000000e+00 0.00000000e+00 5.66483435e-05
 0.00000000e+00 0.00000000e+00 0.00000000e+00 0.00000000e+00
 0.00000000e+00 0.00000000e+00 0.00000000e+00 3.64585011e-04
 0.00000000e+00 0.00000000e+00 0.00000000e+00 0.00000000e+00
 0.00000000e+00 0.00000000e+00 0.00000000e+00 0.00000000e+00
 0.00000000e+00 0.00000000e+00]
--------------------------------------------------------------------------------------
Solution ID:  42
Fitness:[0.56200476 0.25290612]
Position:[5.62004757e-01 1.64784609e-04 0.00000000e+00 3.40456437e-04
 0.00000000e+00 5.57168649e-04 0.00000000e+00 4.39594912e-03
 0.00000000e+00 0.00000000e+00 0.00000000e+00 7.19591984e-04
 0.00000000e+00 0.00000000e+00 0.00000000e+00 3.39591332e-03
 0.00000000e+00 8.33110867e-04 0.00000000e+00 2.80138997e-04
 2.39078522e-04 0.00000000e+00 1.89095273e-03 0.00000000e+00
 4.51270203e-04 0.00000000e+00 0.00000000e+00 0.00000000e+00
 0.00000000e+00 0.00000000e+00]
--------------------------------------------------------------------------------------
Solution ID:  43
Fitness:[0.5514854  0.26293734]
Position:[0.5514854  0.         0.         0.00085158 0.         0.00157043
 0.         0.         0.         0.         0.         0.
 0.         0.         0.         0.00517075 0.         0.00275137
 0.         0.         0.         0.         0.00331981 0.
 0.01478536 0.         0.         0.         0.         0.        ]
--------------------------------------------------------------------------------------
Solution ID:  44
Fitness:[0.59202583 0.23385281]
Position:[5.92025825e-01 9.82087480e-05 4.34893727e-04 1.17377067e-04
 6.15762026e-05 3.97382982e-04 1.98637164e-04 8.29162631e-04
 1.02394161e-04 2.55463332e-04 2.11105254e-04 4.18717443e-04
 2.45306210e-04 1.01165550e-04 4.13589616e-04 8.17427910e-04
 4.11182632e-04 1.76631324e-04 3.62071941e-04 5.69282141e-03
 6.50512404e-04 4.24088427e-05 5.02453565e-04 2.67329727e-04
 2.74313249e-03 3.01172743e-04 7.91285665e-05 1.13613046e-04
 5.12948256e-04 6.31074361e-04]
--------------------------------------------------------------------------------------
Solution ID:  45
Fitness:[0.56405718 0.25041756]
Position:[5.64057180e-01 0.00000000e+00 2.72785883e-03 0.00000000e+00
 2.22846079e-04 0.00000000e+00 0.00000000e+00 1.92837193e-04
 0.00000000e+00 0.00000000e+00 9.41866965e-05 0.00000000e+00
 0.00000000e+00 3.20931982e-04 1.06309397e-03 7.04110490e-04
 0.00000000e+00 4.66240238e-04 5.58866482e-04 0.00000000e+00
 6.54597744e-05 6.53060752e-05 0.00000000e+00 2.18049539e-05
 0.00000000e+00 0.00000000e+00 1.32255020e-04 1.53594650e-04
 1.65453722e-04 5.49882949e-04]
--------------------------------------------------------------------------------------
Solution ID:  46
Fitness:[0.59681244 0.23252541]
Position:[5.96812438e-01 2.50485695e-04 1.85377647e-03 9.65567430e-04
 1.15005051e-04 1.02321316e-03 5.49960039e-04 6.21943498e-04
 1.48551865e-04 2.43271557e-04 1.56882337e-04 6.99871897e-04
 3.80250896e-04 6.69314272e-05 6.65156839e-04 3.63034316e-03
 6.08513126e-04 1.81458330e-03 1.11137604e-04 5.02970326e-03
 1.82637188e-04 2.32198166e-04 3.33580504e-03 2.09161246e-04
 9.07482940e-04 1.05168954e-03 9.22043318e-05 5.26345057e-04
 6.15858870e-04 4.52638186e-04]
--------------------------------------------------------------------------------------
Solution ID:  47
Fitness:[0.57114057 0.24674302]
Position:[5.71140565e-01 3.51473417e-05 9.86571134e-04 1.91121443e-04
 4.63126706e-04 5.01436581e-04 4.87729338e-04 4.81609530e-04
 6.35088622e-05 4.78550161e-04 4.76885650e-04 5.46174394e-04
 8.21222700e-05 4.46190796e-04 5.06408853e-04 3.65971708e-04
 4.73522848e-04 1.59489414e-04 4.68069794e-04 4.32684064e-04
 4.76159752e-04 3.26847912e-05 1.37006869e-03 4.60912225e-04
 4.37876025e-04 4.91520142e-04 4.64478383e-04 4.68631183e-04
 7.22769137e-05 9.23524081e-04]
--------------------------------------------------------------------------------------
Solution ID:  48
Fitness:[0.70390454 0.1624452 ]
Position:[7.03904543e-01 2.96604661e-05 0.00000000e+00 2.98786899e-04
 0.00000000e+00 0.00000000e+00 0.00000000e+00 6.07482440e-04
 2.08790542e-05 0.00000000e+00 0.00000000e+00 2.08609233e-04
 0.00000000e+00 5.56171426e-05 0.00000000e+00 1.69577449e-03
 0.00000000e+00 6.99151174e-04 0.00000000e+00 0.00000000e+00
 1.18960156e-04 0.00000000e+00 1.70229694e-04 0.00000000e+00
 3.54522894e-03 9.82731488e-05 0.00000000e+00 4.15286794e-04
 0.00000000e+00 0.00000000e+00]
--------------------------------------------------------------------------------------
Solution ID:  49
Fitness:[0.74410186 0.13947125]
Position:[7.44101863e-01 0.00000000e+00 6.13410821e-04 1.32148135e-04
 6.05855397e-06 1.79192325e-05 1.70475246e-05 2.37441895e-06
 2.66879772e-05 5.04802997e-06 5.99335456e-05 6.88433190e-05
 2.98495028e-06 4.14878313e-06 1.48727869e-05 2.53992115e-03
 0.00000000e+00 4.59768627e-04 2.26934648e-05 0.00000000e+00
 2.50313648e-06 9.61727850e-06 7.56631131e-03 4.48679871e-06
 0.00000000e+00 6.59680488e-07 3.13112952e-05 0.00000000e+00
 0.00000000e+00 1.94659980e-04]
--------------------------------------------------------------------------------------
Solution ID:  50
Fitness:[0.73580621 0.150495  ]
Position:[7.35806214e-01 3.43604491e-04 1.25258927e-02 1.22147231e-03
 5.92738222e-04 6.54467276e-05 1.48540303e-03 1.70716599e-04
 8.11198898e-04 6.74188194e-04 8.12128156e-04 1.74181818e-04
 7.18813044e-04 9.24009212e-04 3.59046633e-03 2.96115791e-03
 7.38302017e-04 1.83493391e-03 7.23801181e-04 0.00000000e+00
 1.30024540e-03 5.52850435e-04 5.87005122e-04 7.14516898e-04
 2.80828029e-03 1.04874271e-03 6.22301351e-04 9.86016602e-04
 1.72179395e-03 5.91705867e-03]
--------------------------------------------------------------------------------------
Solution ID:  51
Fitness:[0.72740487 0.15372247]
Position:[7.27404871e-01 1.36300008e-04 2.86888985e-03 1.46197621e-03
 1.60528264e-04 1.71088343e-03 2.61510568e-04 5.00895713e-04
 1.71961338e-04 2.23235391e-04 1.72840664e-04 2.21602146e-03
 7.25564674e-04 1.29095629e-04 5.49490497e-04 6.97766808e-03
 1.54525958e-04 3.34508987e-03 0.00000000e+00 6.43533663e-03
 9.80162958e-05 6.27155001e-05 4.02710323e-03 1.25151082e-04
 2.51180939e-03 6.97623526e-05 7.73768858e-05 2.43051690e-05
 4.03335618e-04 1.41414912e-03]
--------------------------------------------------------------------------------------
Solution ID:  52
Fitness:[0.7442124  0.13818512]
Position:[7.44212397e-01 0.00000000e+00 0.00000000e+00 9.52277167e-04
 0.00000000e+00 0.00000000e+00 0.00000000e+00 2.65988352e-05
 0.00000000e+00 2.11862633e-05 3.59457638e-06 0.00000000e+00
 0.00000000e+00 0.00000000e+00 0.00000000e+00 3.28321994e-03
 2.36521997e-05 0.00000000e+00 2.85498394e-05 0.00000000e+00
 6.61584473e-05 0.00000000e+00 0.00000000e+00 1.87278039e-05
 0.00000000e+00 2.97853921e-05 0.00000000e+00 4.32518209e-04
 0.00000000e+00 0.00000000e+00]
--------------------------------------------------------------------------------------
Solution ID:  53
Fitness:[0.73266418 0.15076972]
Position:[7.32664184e-01 2.62877269e-06 6.89892351e-03 1.07718076e-03
 0.00000000e+00 1.44682497e-03 0.00000000e+00 0.00000000e+00
 0.00000000e+00 0.00000000e+00 0.00000000e+00 1.29883507e-03
 0.00000000e+00 0.00000000e+00 0.00000000e+00 3.18817144e-03
 0.00000000e+00 2.40141830e-03 0.00000000e+00 1.58495460e-02
 0.00000000e+00 0.00000000e+00 4.15592638e-03 0.00000000e+00
 1.49117950e-03 0.00000000e+00 0.00000000e+00 0.00000000e+00
 4.68351833e-06 0.00000000e+00]
--------------------------------------------------------------------------------------
Solution ID:  54
Fitness:[0.73652045 0.14413198]
Position:[7.36520450e-01 4.01333178e-05 1.44589452e-03 5.91767494e-04
 0.00000000e+00 1.35008818e-03 0.00000000e+00 2.87778896e-04
 0.00000000e+00 0.00000000e+00 0.00000000e+00 0.00000000e+00
 0.00000000e+00 0.00000000e+00 0.00000000e+00 2.72716142e-03
 4.14650697e-06 3.40485829e-04 0.00000000e+00 3.30228981e-03
 0.00000000e+00 0.00000000e+00 3.10416428e-03 0.00000000e+00
 0.00000000e+00 1.43604814e-06 0.00000000e+00 0.00000000e+00
 0.00000000e+00 0.00000000e+00]
--------------------------------------------------------------------------------------
Solution ID:  55
Fitness:[0.74085854 0.14340011]
Position:[7.40858537e-01 8.61275421e-05 1.81284238e-03 9.23818122e-04
 1.01437300e-04 1.08110181e-03 1.65247697e-04 2.67767833e-04
 1.08661823e-04 1.41061735e-04 1.09217466e-04 1.40029692e-03
 4.58482013e-04 8.15751180e-05 3.47221299e-04 4.40916629e-03
 9.76444623e-05 2.11375166e-03 0.00000000e+00 4.06646877e-03
 6.19361859e-05 3.96297253e-05 2.54471374e-03 7.90825708e-05
 1.58720437e-03 4.40826090e-05 4.88942084e-05 1.27872530e-05
 2.54866496e-04 8.93596339e-04]
--------------------------------------------------------------------------------------
Solution ID:  56
Fitness:[0.7733888  0.12057473]
Position:[0.7733888 0.        0.        0.        0.        0.        0.
 0.        0.        0.        0.        0.        0.        0.
 0.        0.        0.        0.        0.        0.        0.
 0.        0.        0.        0.        0.        0.        0.
 0.        0.       ]
--------------------------------------------------------------------------------------
Solution ID:  57
Fitness:[0.79821496 0.10751987]
Position:[7.98214959e-01 2.83481064e-05 0.00000000e+00 0.00000000e+00
 0.00000000e+00 0.00000000e+00 0.00000000e+00 0.00000000e+00
 0.00000000e+00 0.00000000e+00 0.00000000e+00 0.00000000e+00
 0.00000000e+00 0.00000000e+00 0.00000000e+00 0.00000000e+00
 0.00000000e+00 0.00000000e+00 0.00000000e+00 3.10654984e-03
 0.00000000e+00 0.00000000e+00 0.00000000e+00 0.00000000e+00
 2.38782561e-03 0.00000000e+00 0.00000000e+00 0.00000000e+00
 0.00000000e+00 0.00000000e+00]
--------------------------------------------------------------------------------------
Solution ID:  58
Fitness:[0.7933595  0.11368831]
Position:[7.93359504e-01 1.91825250e-04 9.22523039e-03 0.00000000e+00
 3.34338437e-04 1.75993087e-03 2.34049919e-05 1.51177444e-04
 0.00000000e+00 3.58596470e-04 0.00000000e+00 1.27273233e-03
 6.31957314e-04 5.54100029e-05 1.16629610e-04 0.00000000e+00
 5.62740607e-04 1.33936850e-03 0.00000000e+00 6.55781258e-03
 9.48561836e-05 1.57853993e-04 0.00000000e+00 0.00000000e+00
 1.85527148e-03 8.02328604e-05 0.00000000e+00 3.75696327e-04
 3.50978110e-04 0.00000000e+00]
--------------------------------------------------------------------------------------
Solution ID:  59
Fitness:[0.66461156 0.1918066 ]
Position:[6.64611560e-01 5.45534911e-04 1.93827142e-02 4.60393910e-04
 0.00000000e+00 8.82935035e-04 1.22438016e-04 7.37731652e-04
 1.37846336e-04 1.55664699e-04 2.26220448e-04 4.50702232e-04
 1.93065537e-04 1.02253428e-04 0.00000000e+00 5.53695051e-03
 3.59857573e-05 3.07330703e-03 5.08062191e-04 3.04913811e-03
 4.52140729e-05 1.24883428e-04 8.84575772e-04 8.07211144e-05
 1.93287989e-04 2.17370130e-04 3.28591146e-04 2.85377327e-04
 1.15213262e-04 3.60117075e-04]
--------------------------------------------------------------------------------------
Solution ID:  60
Fitness:[0.66711545 0.18322864]
Position:[0.66711545 0.         0.         0.         0.         0.
 0.         0.         0.         0.         0.         0.
 0.         0.         0.         0.         0.         0.
 0.         0.         0.         0.         0.         0.
 0.         0.         0.         0.         0.         0.        ]
--------------------------------------------------------------------------------------
Solution ID:  61
Fitness:[0.68701533 0.17119232]
Position:[6.87015327e-01 0.00000000e+00 0.00000000e+00 0.00000000e+00
 0.00000000e+00 0.00000000e+00 0.00000000e+00 0.00000000e+00
 0.00000000e+00 0.00000000e+00 0.00000000e+00 0.00000000e+00
 0.00000000e+00 0.00000000e+00 0.00000000e+00 0.00000000e+00
 0.00000000e+00 0.00000000e+00 3.09207826e-04 0.00000000e+00
 0.00000000e+00 0.00000000e+00 0.00000000e+00 0.00000000e+00
 0.00000000e+00 0.00000000e+00 0.00000000e+00 0.00000000e+00
 0.00000000e+00 0.00000000e+00]
--------------------------------------------------------------------------------------
Solution ID:  62
Fitness:[0.67095187 0.18111303]
Position:[6.70951866e-01 0.00000000e+00 0.00000000e+00 0.00000000e+00
 0.00000000e+00 0.00000000e+00 0.00000000e+00 3.18244709e-04
 0.00000000e+00 0.00000000e+00 0.00000000e+00 0.00000000e+00
 0.00000000e+00 0.00000000e+00 0.00000000e+00 0.00000000e+00
 0.00000000e+00 0.00000000e+00 0.00000000e+00 5.81827516e-04
 0.00000000e+00 0.00000000e+00 3.52538398e-04 0.00000000e+00
 0.00000000e+00 0.00000000e+00 0.00000000e+00 0.00000000e+00
 0.00000000e+00 0.00000000e+00]
--------------------------------------------------------------------------------------
Solution ID:  63
Fitness:[0.89119601 0.0563133 ]
Position:[8.91196007e-01 0.00000000e+00 0.00000000e+00 0.00000000e+00
 0.00000000e+00 0.00000000e+00 0.00000000e+00 1.81504709e-03
 0.00000000e+00 0.00000000e+00 0.00000000e+00 0.00000000e+00
 0.00000000e+00 0.00000000e+00 0.00000000e+00 0.00000000e+00
 0.00000000e+00 0.00000000e+00 0.00000000e+00 0.00000000e+00
 0.00000000e+00 0.00000000e+00 0.00000000e+00 6.23990550e-05
 0.00000000e+00 0.00000000e+00 0.00000000e+00 2.28243871e-04
 0.00000000e+00 0.00000000e+00]
--------------------------------------------------------------------------------------
Solution ID:  64
Fitness:[0.8633765  0.07454589]
Position:[8.63376497e-01 5.57425232e-05 2.24532419e-04 2.55562669e-03
 1.23710760e-05 6.03673419e-04 2.89968349e-05 2.91458720e-03
 2.99891074e-05 5.42380513e-06 3.91441897e-05 8.48390382e-04
 1.82790381e-04 2.35162823e-05 8.67767869e-05 3.45262261e-03
 5.46052994e-05 3.73503997e-03 6.80260241e-05 2.47274946e-03
 3.42504780e-04 3.41630113e-04 3.69271383e-04 2.20561307e-04
 9.54320468e-04 7.41836458e-06 6.58701253e-05 8.69995578e-05
 1.99601729e-05 2.58983600e-03]
--------------------------------------------------------------------------------------
Solution ID:  65
Fitness:[0.85861141 0.07851122]
Position:[8.58611406e-01 9.19120260e-04 4.31471124e-03 0.00000000e+00
 8.73756094e-04 5.58983985e-04 6.30335643e-04 1.32712270e-03
 1.22844609e-04 4.12733934e-04 6.10075072e-04 1.86180332e-03
 0.00000000e+00 4.79329288e-04 1.24112442e-03 0.00000000e+00
 6.36277863e-04 0.00000000e+00 7.21266778e-04 7.78668449e-03
 1.76395082e-03 3.11345317e-04 0.00000000e+00 8.78321509e-04
 1.58142970e-03 4.90484544e-04 1.11345894e-03 1.32467943e-03
 4.80418465e-04 2.61083812e-04]
--------------------------------------------------------------------------------------
Solution ID:  66
Fitness:[0.88256222 0.0642372 ]
Position:[8.82562222e-01 7.15675688e-04 3.73625328e-04 8.05951381e-04
 9.32639308e-04 6.42756368e-04 9.52295375e-05 0.00000000e+00
 6.28269187e-04 1.03226236e-03 5.70689170e-04 9.86546466e-05
 1.27519908e-03 4.36735898e-04 7.98984044e-04 2.80730461e-03
 1.45868128e-03 1.03430889e-03 5.82062307e-04 2.11301846e-03
 4.58631429e-04 5.98528829e-04 1.12715207e-03 9.06947776e-04
 1.61390679e-04 3.71953915e-05 1.39819351e-03 4.55183695e-05
 7.23334977e-04 4.98908858e-04]
--------------------------------------------------------------------------------------
Solution ID:  67
Fitness:[0.88762992 0.05875672]
Position:[0.88762992 0.         0.         0.         0.         0.
 0.         0.         0.         0.         0.         0.
 0.         0.         0.         0.         0.         0.
 0.         0.         0.         0.         0.00546766 0.
 0.         0.         0.         0.         0.         0.        ]
--------------------------------------------------------------------------------------
Solution ID:  68
Fitness:[0.87159446 0.06714986]
Position:[8.71594463e-01 0.00000000e+00 0.00000000e+00 0.00000000e+00
 0.00000000e+00 0.00000000e+00 0.00000000e+00 0.00000000e+00
 0.00000000e+00 0.00000000e+00 0.00000000e+00 0.00000000e+00
 0.00000000e+00 0.00000000e+00 0.00000000e+00 0.00000000e+00
 0.00000000e+00 0.00000000e+00 0.00000000e+00 0.00000000e+00
 0.00000000e+00 0.00000000e+00 6.22022646e-04 0.00000000e+00
 3.86120109e-03 0.00000000e+00 0.00000000e+00 0.00000000e+00
 0.00000000e+00 0.00000000e+00]
--------------------------------------------------------------------------------------
Solution ID:  69
Fitness:[0.88148284 0.06581888]
Position:[8.81482844e-01 2.92172605e-06 4.03770948e-03 5.79209046e-04
 0.00000000e+00 8.14962650e-04 0.00000000e+00 0.00000000e+00
 0.00000000e+00 0.00000000e+00 0.00000000e+00 1.15420964e-03
 0.00000000e+00 0.00000000e+00 0.00000000e+00 1.87799353e-03
 0.00000000e+00 1.20689331e-03 0.00000000e+00 1.40699732e-02
 0.00000000e+00 0.00000000e+00 3.54544804e-03 0.00000000e+00
 1.14606150e-03 0.00000000e+00 0.00000000e+00 0.00000000e+00
 5.20545483e-06 0.00000000e+00]
--------------------------------------------------------------------------------------
Solution ID:  70
Fitness:[0.845763   0.08186353]
Position:[0.845763   0.         0.         0.         0.         0.
 0.         0.         0.         0.         0.         0.
 0.         0.         0.         0.0023981  0.         0.
 0.         0.00477867 0.         0.         0.00186861 0.
 0.         0.         0.         0.         0.         0.        ]
--------------------------------------------------------------------------------------
Solution ID:  71
Fitness:[0.83607436 0.08567565]
Position:[8.3607436e-01 0.0000000e+00 0.0000000e+00 0.0000000e+00 0.0000000e+00
 0.0000000e+00 0.0000000e+00 2.7702258e-04 0.0000000e+00 0.0000000e+00
 0.0000000e+00 0.0000000e+00 0.0000000e+00 0.0000000e+00 0.0000000e+00
 0.0000000e+00 0.0000000e+00 0.0000000e+00 0.0000000e+00 0.0000000e+00
 0.0000000e+00 0.0000000e+00 0.0000000e+00 0.0000000e+00 0.0000000e+00
 0.0000000e+00 0.0000000e+00 0.0000000e+00 0.0000000e+00 0.0000000e+00]
--------------------------------------------------------------------------------------
Solution ID:  72
Fitness:[0.83546696 0.08651844]
Position:[0.83546696 0.         0.00330624 0.         0.         0.
 0.         0.         0.         0.         0.         0.
 0.         0.         0.         0.         0.         0.
 0.         0.         0.         0.         0.         0.
 0.         0.         0.         0.         0.         0.        ]
--------------------------------------------------------------------------------------
Solution ID:  73
Fitness:[0.94897704 0.02805131]
Position:[9.48977045e-01 0.00000000e+00 0.00000000e+00 0.00000000e+00
 0.00000000e+00 0.00000000e+00 0.00000000e+00 3.70576854e-04
 0.00000000e+00 0.00000000e+00 0.00000000e+00 0.00000000e+00
 0.00000000e+00 0.00000000e+00 2.57166773e-06 7.74324000e-03
 0.00000000e+00 3.49809982e-03 0.00000000e+00 0.00000000e+00
 0.00000000e+00 0.00000000e+00 2.04017366e-03 0.00000000e+00
 0.00000000e+00 0.00000000e+00 0.00000000e+00 1.88513263e-04
 0.00000000e+00 0.00000000e+00]
--------------------------------------------------------------------------------------
Solution ID:  74
Fitness:[0.94851084 0.02927036]
Position:[9.48510838e-01 0.00000000e+00 0.00000000e+00 2.03165911e-03
 0.00000000e+00 2.61337241e-03 0.00000000e+00 1.44444388e-04
 0.00000000e+00 0.00000000e+00 0.00000000e+00 0.00000000e+00
 2.71650902e-04 0.00000000e+00 0.00000000e+00 9.99241566e-03
 1.90640348e-04 4.49195903e-03 0.00000000e+00 0.00000000e+00
 0.00000000e+00 0.00000000e+00 0.00000000e+00 0.00000000e+00
 0.00000000e+00 2.41918682e-04 0.00000000e+00 0.00000000e+00
 0.00000000e+00 0.00000000e+00]
--------------------------------------------------------------------------------------
Solution ID:  75
Fitness:[0.94996918 0.02586021]
Position:[9.49969185e-01 4.72432743e-05 0.00000000e+00 0.00000000e+00
 0.00000000e+00 0.00000000e+00 0.00000000e+00 2.90520469e-05
 0.00000000e+00 0.00000000e+00 0.00000000e+00 0.00000000e+00
 1.64418836e-04 0.00000000e+00 0.00000000e+00 0.00000000e+00
 0.00000000e+00 0.00000000e+00 1.77000203e-04 2.44688930e-03
 7.20686044e-05 0.00000000e+00 0.00000000e+00 0.00000000e+00
 2.69831994e-04 0.00000000e+00 0.00000000e+00 0.00000000e+00
 3.38074259e-05 5.12863129e-05]
--------------------------------------------------------------------------------------
Solution ID:  76
Fitness:[0.93912601 0.04276057]
Position:[9.39126011e-01 6.65607677e-04 1.82637083e-03 2.06731359e-03
 5.82642381e-04 1.37166923e-03 3.73951339e-04 1.34605164e-03
 2.38459883e-04 3.96818248e-04 3.69204990e-04 0.00000000e+00
 1.40536511e-03 3.86847606e-04 5.34135099e-04 2.18099550e-02
 5.12507451e-04 9.27344236e-03 4.06691871e-04 1.77324392e-02
 6.93398024e-04 1.78012382e-04 3.33328862e-03 4.85437291e-04
 3.29015021e-03 2.98715949e-04 6.53968823e-04 1.00742343e-03
 5.04545199e-04 1.91410353e-03]
--------------------------------------------------------------------------------------
Solution ID:  77
Fitness:[0.91841113 0.04337136]
Position:[9.18411134e-01 0.00000000e+00 1.52704636e-03 4.13563967e-04
 6.52459957e-05 8.53336929e-04 0.00000000e+00 8.60885630e-05
 2.16637353e-07 0.00000000e+00 0.00000000e+00 0.00000000e+00
 1.21751669e-04 1.11833044e-05 0.00000000e+00 6.06868394e-03
 1.30073000e-04 1.06536526e-03 0.00000000e+00 2.89710117e-05
 3.39343284e-05 0.00000000e+00 0.00000000e+00 1.42482552e-05
 0.00000000e+00 1.45733044e-04 0.00000000e+00 0.00000000e+00
 0.00000000e+00 0.00000000e+00]
--------------------------------------------------------------------------------------
Solution ID:  78
Fitness:[0.925198   0.04295886]
Position:[9.25197998e-01 1.09394217e-04 3.54649467e-03 3.45839226e-04
 1.67823802e-04 7.39234653e-04 4.20566743e-04 4.83254617e-04
 2.29677248e-04 1.90884984e-04 2.29940351e-04 6.52431910e-04
 2.03519756e-04 2.61617580e-04 1.01657981e-03 8.38401779e-04
 2.09037729e-04 5.19530500e-04 2.04932062e-04 1.46454946e-02
 3.68142493e-04 1.56530250e-04 4.73655791e-04 2.02303375e-04
 7.95117065e-04 2.96933761e-04 1.76194102e-04 2.79173924e-04
 4.87496834e-04 1.67531508e-03]
--------------------------------------------------------------------------------------
Solution ID:  79
Fitness:[0.19897411 0.55393486]
Position:[0.19897411 0.         0.         0.         0.         0.
 0.         0.         0.         0.         0.         0.
 0.         0.         0.         0.         0.         0.
 0.         0.         0.         0.         0.         0.
 0.         0.         0.         0.         0.         0.        ]
--------------------------------------------------------------------------------------
Solution ID:  80
Fitness:[0.17978835 0.57725134]
Position:[1.79788351e-01 8.09083643e-05 0.00000000e+00 0.00000000e+00
 0.00000000e+00 2.29574829e-04 6.79928438e-05 0.00000000e+00
 1.49996960e-04 1.44453650e-04 3.41203997e-05 9.16169464e-04
 0.00000000e+00 0.00000000e+00 2.62108665e-06 0.00000000e+00
 6.23083642e-05 0.00000000e+00 0.00000000e+00 0.00000000e+00
 3.48295290e-05 0.00000000e+00 2.63767744e-03 5.33048358e-06
 7.62199873e-04 0.00000000e+00 1.53179874e-05 3.24198394e-05
 0.00000000e+00 0.00000000e+00]
--------------------------------------------------------------------------------------
Solution ID:  81
Fitness:[0.18170812 0.57387995]
Position:[1.81708116e-01 0.00000000e+00 0.00000000e+00 2.09924673e-04
 0.00000000e+00 0.00000000e+00 0.00000000e+00 0.00000000e+00
 0.00000000e+00 0.00000000e+00 0.00000000e+00 0.00000000e+00
 0.00000000e+00 0.00000000e+00 0.00000000e+00 6.19603823e-05
 0.00000000e+00 0.00000000e+00 0.00000000e+00 0.00000000e+00
 0.00000000e+00 0.00000000e+00 0.00000000e+00 0.00000000e+00
 0.00000000e+00 0.00000000e+00 0.00000000e+00 3.51761858e-04
 0.00000000e+00 0.00000000e+00]
--------------------------------------------------------------------------------------
Solution ID:  82
Fitness:[0.1896412  0.56604922]
Position:[1.89641204e-01 1.19553033e-04 9.41116144e-04 2.87637318e-04
 8.99511473e-06 1.05104640e-04 1.25687539e-04 3.56872517e-04
 0.00000000e+00 3.25895446e-06 6.90496005e-05 3.70356933e-04
 2.40411901e-05 3.34148560e-05 1.19339650e-04 0.00000000e+00
 5.00767260e-06 7.23433872e-04 1.82776210e-04 1.29421701e-03
 1.42105178e-05 7.74588513e-05 0.00000000e+00 3.52266491e-05
 5.47845484e-04 6.80756657e-05 2.49568534e-04 1.87589713e-04
 5.16368074e-05 2.89011018e-04]
--------------------------------------------------------------------------------------
Solution ID:  83
Fitness:[0.51627304 0.28174932]
Position:[0.51627304 0.         0.         0.         0.         0.
 0.         0.         0.         0.         0.         0.
 0.         0.         0.         0.         0.         0.
 0.         0.00136146 0.         0.         0.         0.
 0.         0.         0.         0.         0.         0.        ]
--------------------------------------------------------------------------------------
Solution ID:  84
Fitness:[0.50776346 0.28974449]
Position:[5.07763457e-01 0.00000000e+00 2.33640669e-03 1.05371217e-03
 3.37710962e-05 0.00000000e+00 0.00000000e+00 0.00000000e+00
 1.48761940e-04 0.00000000e+00 3.34076670e-04 0.00000000e+00
 0.00000000e+00 0.00000000e+00 0.00000000e+00 4.10515048e-03
 5.73351698e-05 2.45174439e-03 0.00000000e+00 0.00000000e+00
 0.00000000e+00 0.00000000e+00 0.00000000e+00 0.00000000e+00
 0.00000000e+00 0.00000000e+00 0.00000000e+00 0.00000000e+00
 0.00000000e+00 1.08505774e-03]
--------------------------------------------------------------------------------------
Solution ID:  85
Fitness:[0.51078156 0.28531016]
Position:[0.51078156 0.         0.         0.         0.         0.
 0.         0.         0.         0.         0.         0.
 0.         0.         0.         0.         0.         0.
 0.         0.         0.         0.         0.         0.
 0.         0.         0.         0.         0.         0.        ]
--------------------------------------------------------------------------------------
Solution ID:  86
Fitness:[0.52859453 0.27778564]
Position:[5.28594526e-01 3.41202531e-04 3.21701738e-03 8.96669433e-04
 0.00000000e+00 1.21666334e-03 0.00000000e+00 5.39458129e-04
 0.00000000e+00 0.00000000e+00 0.00000000e+00 0.00000000e+00
 0.00000000e+00 0.00000000e+00 0.00000000e+00 5.70157240e-03
 0.00000000e+00 3.35572570e-03 4.34080897e-05 2.91489302e-03
 0.00000000e+00 0.00000000e+00 2.52149026e-03 0.00000000e+00
 3.68140319e-03 0.00000000e+00 0.00000000e+00 0.00000000e+00
 0.00000000e+00 0.00000000e+00]
--------------------------------------------------------------------------------------
Solution ID:  87
Fitness:[0.51062865 0.2865941 ]
Position:[5.10628654e-01 1.61962455e-05 1.62292191e-03 0.00000000e+00
 1.60276958e-04 1.26613800e-04 0.00000000e+00 3.26014316e-05
 6.75840601e-05 1.20196339e-05 0.00000000e+00 0.00000000e+00
 0.00000000e+00 1.72687574e-04 4.05272556e-04 0.00000000e+00
 0.00000000e+00 0.00000000e+00 5.33596829e-04 1.10475492e-03
 6.65568669e-05 4.50645035e-05 0.00000000e+00 1.76411984e-05
 1.18831644e-03 0.00000000e+00 1.02216259e-04 1.06605989e-04
 1.08506342e-06 1.17141590e-04]
--------------------------------------------------------------------------------------
Solution ID:  88
Fitness:[0.54799971 0.26660583]
Position:[5.47999714e-01 4.00915726e-05 0.00000000e+00 5.39755846e-04
 0.00000000e+00 2.44660672e-04 0.00000000e+00 8.31940705e-05
 0.00000000e+00 0.00000000e+00 0.00000000e+00 4.38604358e-04
 0.00000000e+00 1.73273201e-05 0.00000000e+00 1.04739583e-02
 0.00000000e+00 3.18445928e-03 1.12725211e-04 5.36758588e-03
 8.44652793e-05 3.40628755e-05 1.25749212e-02 7.27959057e-05
 1.78437219e-03 0.00000000e+00 6.61662929e-05 0.00000000e+00
 0.00000000e+00 0.00000000e+00]
--------------------------------------------------------------------------------------
Solution ID:  89
Fitness:[0.63509363 0.20310474]
Position:[6.35093630e-01 0.00000000e+00 0.00000000e+00 0.00000000e+00
 0.00000000e+00 0.00000000e+00 0.00000000e+00 1.73359251e-04
 0.00000000e+00 0.00000000e+00 0.00000000e+00 0.00000000e+00
 0.00000000e+00 0.00000000e+00 0.00000000e+00 0.00000000e+00
 0.00000000e+00 0.00000000e+00 0.00000000e+00 0.00000000e+00
 0.00000000e+00 0.00000000e+00 0.00000000e+00 0.00000000e+00
 0.00000000e+00 0.00000000e+00 0.00000000e+00 0.00000000e+00
 0.00000000e+00 0.00000000e+00]
--------------------------------------------------------------------------------------
Solution ID:  90
Fitness:[0.25841095 0.49232472]
Position:[2.58410947e-01 0.00000000e+00 0.00000000e+00 0.00000000e+00
 0.00000000e+00 0.00000000e+00 0.00000000e+00 2.86297081e-03
 0.00000000e+00 0.00000000e+00 0.00000000e+00 0.00000000e+00
 0.00000000e+00 0.00000000e+00 0.00000000e+00 0.00000000e+00
 0.00000000e+00 0.00000000e+00 0.00000000e+00 0.00000000e+00
 0.00000000e+00 0.00000000e+00 0.00000000e+00 0.00000000e+00
 0.00000000e+00 1.45160310e-05 0.00000000e+00 0.00000000e+00
 0.00000000e+00 0.00000000e+00]
--------------------------------------------------------------------------------------
Solution ID:  91
Fitness:[0.2684979  0.48281185]
Position:[2.68497898e-01 0.00000000e+00 0.00000000e+00 0.00000000e+00
 0.00000000e+00 0.00000000e+00 0.00000000e+00 8.27239444e-05
 0.00000000e+00 0.00000000e+00 0.00000000e+00 1.17328044e-03
 0.00000000e+00 0.00000000e+00 0.00000000e+00 0.00000000e+00
 0.00000000e+00 0.00000000e+00 5.55869286e-04 4.45028771e-04
 0.00000000e+00 0.00000000e+00 2.00317808e-03 0.00000000e+00
 0.00000000e+00 0.00000000e+00 0.00000000e+00 0.00000000e+00
 0.00000000e+00 0.00000000e+00]
--------------------------------------------------------------------------------------
Solution ID:  92
Fitness:[0.28279757 0.47093178]
Position:[2.82797569e-01 1.75397581e-04 3.22688480e-03 4.73374520e-04
 0.00000000e+00 1.60703909e-03 0.00000000e+00 5.64019753e-04
 0.00000000e+00 0.00000000e+00 0.00000000e+00 0.00000000e+00
 0.00000000e+00 0.00000000e+00 0.00000000e+00 0.00000000e+00
 0.00000000e+00 0.00000000e+00 1.03223341e-05 2.12927252e-03
 0.00000000e+00 0.00000000e+00 3.74390914e-03 0.00000000e+00
 0.00000000e+00 0.00000000e+00 0.00000000e+00 0.00000000e+00
 0.00000000e+00 0.00000000e+00]
--------------------------------------------------------------------------------------
Solution ID:  93
Fitness:[0.29400719 0.45850752]
Position:[2.94007194e-01 0.00000000e+00 0.00000000e+00 0.00000000e+00
 0.00000000e+00 0.00000000e+00 0.00000000e+00 2.07975729e-04
 0.00000000e+00 0.00000000e+00 0.00000000e+00 0.00000000e+00
 0.00000000e+00 0.00000000e+00 0.00000000e+00 0.00000000e+00
 3.63023423e-05 0.00000000e+00 0.00000000e+00 0.00000000e+00
 0.00000000e+00 0.00000000e+00 0.00000000e+00 0.00000000e+00
 2.81269571e-03 0.00000000e+00 0.00000000e+00 1.77896137e-04
 0.00000000e+00 0.00000000e+00]
--------------------------------------------------------------------------------------
Solution ID:  94
Fitness:[0.2798818  0.47689724]
Position:[2.79881798e-01 1.86724470e-04 0.00000000e+00 5.26639153e-04
 0.00000000e+00 1.51571083e-03 3.11845421e-04 1.11892264e-05
 2.06667600e-04 2.34707951e-04 4.12036635e-05 2.51018407e-03
 3.75544671e-04 0.00000000e+00 0.00000000e+00 4.17436788e-04
 4.43044494e-04 3.53528817e-04 4.03795402e-05 6.62530750e-03
 1.30186184e-04 0.00000000e+00 6.63327390e-03 1.06829082e-04
 4.62689212e-03 6.89317783e-04 0.00000000e+00 0.00000000e+00
 0.00000000e+00 0.00000000e+00]
--------------------------------------------------------------------------------------
Solution ID:  95
Fitness:[0.02572385 0.84052426]
Position:[2.57238480e-02 0.00000000e+00 0.00000000e+00 0.00000000e+00
 0.00000000e+00 0.00000000e+00 0.00000000e+00 0.00000000e+00
 0.00000000e+00 0.00000000e+00 0.00000000e+00 1.57002237e-04
 0.00000000e+00 0.00000000e+00 0.00000000e+00 0.00000000e+00
 0.00000000e+00 1.91906261e-03 5.29442472e-04 0.00000000e+00
 0.00000000e+00 0.00000000e+00 5.76511079e-04 8.64632985e-06
 0.00000000e+00 0.00000000e+00 0.00000000e+00 0.00000000e+00
 0.00000000e+00 0.00000000e+00]
--------------------------------------------------------------------------------------
Solution ID:  96
Fitness:[0.04583128 0.79822709]
Position:[4.58312794e-02 2.11160693e-05 9.31464645e-03 1.36752695e-03
 6.20256553e-04 8.80116314e-04 1.52113062e-03 1.79177711e-03
 5.84486811e-04 4.56795856e-04 7.15041694e-04 2.67372871e-04
 6.10118808e-04 1.05446816e-03 4.52101479e-03 6.66329281e-03
 1.33330122e-04 2.32990497e-03 3.79225705e-04 2.55630702e-04
 4.46774838e-04 4.97529814e-04 2.74370579e-03 4.77508054e-04
 2.13626283e-03 3.86482027e-04 3.84382224e-04 9.10015029e-04
 8.34004487e-04 2.09644836e-03]
--------------------------------------------------------------------------------------
Solution ID:  97
Fitness:[0.04351569 0.80062257]
Position:[0.04351569 0.         0.00441875 0.00221336 0.00040768 0.00120773
 0.00082325 0.         0.00032493 0.00030964 0.00052872 0.00014834
 0.00034598 0.00072381 0.00209257 0.00753717 0.         0.00606331
 0.00049443 0.         0.00028195 0.00023034 0.00200779 0.00049073
 0.         0.00016607 0.00030159 0.00025807 0.000411   0.00139541]
--------------------------------------------------------------------------------------
Solution ID:  98
Fitness:[0.02961212 0.83064724]
Position:[0.02961212 0.         0.         0.         0.         0.
 0.         0.         0.         0.         0.         0.
 0.         0.         0.         0.         0.         0.
 0.         0.0096205  0.         0.         0.         0.
 0.         0.         0.         0.         0.         0.        ]
--------------------------------------------------------------------------------------
Solution ID:  99
Fitness:[1. 0.]
Position:[1. 0. 0. 0. 0. 0. 0. 0. 0. 0. 0. 0. 0. 0. 0. 0. 0. 0. 0. 0. 0. 0. 0. 0.
 0. 0. 0. 0. 0. 0.]
--------------------------------------------------------------------------------------
