0.3906009838593413 0.37659672630384705
0.3986898197561505 0.3685811059556814
0.3614124547994816 0.4007509030497535
0.3691827223043297 0.3930995607521983
0.3948607876950516 0.37250937808030204
0.38118119391632677 0.38538969001411666
0.2101791358032537 0.5435388890454977
0.21692687210418793 0.5347984347232094
0.2459143398169351 0.5044249163664886
0.22756286003862547 0.5249162309370426
0.4021250225244284 0.36714791661402
0.4163480694082173 0.3562398629024635
0.42261209671361566 0.35003984618346057
0.43102739029740605 0.34457246865106367
0.4374903709682785 0.34279543785630484
0.41522050140957 0.3615050587307791
0.4085860393964449 0.36231706080061776
0.06500810469149082 0.7520632611635546
0.08501658994695066 0.7121071616237569
0.06485832927540039 0.7525668423916513
0.1464552496595642 0.6178053174456775
0.1378726901395423 0.6321841908185212
0.14834500674393017 0.6151518490017552
0.14658820448383855 0.6174170703517518
0.12179506251477368 0.654427452451412
0.10432741779573784 0.6796915212491087
0.17545587111903804 0.5819717950608474
0.19855096225544838 0.5624581016725503
0.0382344661678064 0.8047120646792989
0.04296211741873679 0.7927269496081635
0.28424781509734665 0.47016214168194476
0.2593118806588199 0.4955436285243372
0.2606432413985961 0.4902137855996115
0.2898899169419697 0.46161821844322215
0.2963381524952059 0.45922998122225783
0.29867286382037245 0.458337311165904
0.45689996625428764 0.3241794668215718
0.4684676288141284 0.31648916441929636
0.479361495084068 0.30830331439248065
0.4927418214725351 0.3024729734517022
0.4732765713340592 0.3162708234927414
0.4588795877522689 0.32263261894212114
0.4970678102640131 0.30172271436084297
0.4873700475088913 0.30331686637182304
0.4673816747612901 0.32188256109059904
0.5538341700779421 0.2575493112834572
0.5741728637380521 0.24445818987049073
0.5996288202956439 0.22852047145647983
0.5598487827185107 0.25266580202088806
0.6110053565374303 0.2197667524390083
0.6409478765614048 0.2012074242872038
0.6033446718600114 0.22689599396366733
0.6474144980408246 0.19882877153966494
0.6406702046637425 0.20363190689501728
0.6311883323099725 0.2098826316826875
0.6171655788339914 0.21897268397990685
0.7023385671386544 0.16419265372217928
0.7269408141610927 0.1510413613741236
0.7475430665340932 0.13615400833363867
0.7086025514967874 0.16268511032704006
0.7181849131598965 0.15408819989565956
0.7365299696474685 0.14340563420991417
0.5228055832458299 0.28263858118552515
0.5021930359770526 0.2915053886892844
0.5489085265659057 0.25997379641500756
0.5245701933319212 0.27928109781235627
0.5299381919247173 0.27286920798246816
0.5475334096852199 0.26238556795536144
0.7659275144955988 0.12772339313015202
0.769155693074726 0.12592979348307654
0.7932177290178395 0.11324529046394295
0.7698458162609502 0.12576804074159087
0.7737914857381297 0.12195458174542007
0.7544928887357456 0.13592300900750023
0.7843146731311361 0.11746977250639846
0.8326912985297884 0.08866333453546082
0.8424958365039836 0.08567866432979945
0.3226118494092256 0.4325642244142445
0.34269219232492254 0.43089691887923637
0.3157232662796239 0.43960818941805285
0.671271569019821 0.18342862334774884
0.651584397142224 0.1939793821483081
0.6909849158919701 0.1696336667851193
0.6961383079957908 0.16664534272864936
0.6698322445238897 0.18539190233649255
0.6629590059800421 0.18758242106207595
0.8683808230332829 0.0698433529584212
0.8563188336093063 0.0765958773456308
0.9611190790560743 0.02231106206221087
0.9912936068149014 0.008978592852781173
0.9749682401997932 0.014429998900521627
0.9431356009921986 0.031050424081856758
0.9333192688575753 0.03673649164431111
0.9176150169252942 0.04798798003125938
0.907626287929821 0.05182761789982175
0.9199712719954435 0.0414556285648942
0.9462239512044934 0.02725956637729232
0.9238451145603522 0.04095710963624468
1.0 0.0
0.0 1.0
