Solution ID:  0
Fitness:[0.39060098 0.37659673]
Position:[3.90600984e-01 2.71629586e-04 0.00000000e+00 0.00000000e+00
 3.48955858e-04 3.30188674e-04 5.34747067e-05 0.00000000e+00
 8.94227436e-05 0.00000000e+00 5.68972433e-05 2.62177038e-04
 8.30953718e-04 4.63820103e-04 6.51269736e-04 1.01984226e-04
 4.18617590e-05 4.60243114e-05 2.24035746e-04 1.80110479e-05
 3.87688708e-05 2.27667299e-03 2.05922145e-04 2.71690219e-04
 1.06244609e-04 5.86359863e-05 8.16712000e-05 4.17119925e-04
 1.44136476e-04 0.00000000e+00]
--------------------------------------------------------------------------------------
Solution ID:  1
Fitness:[0.39868982 0.36858111]
Position:[0.39868982 0.         0.         0.         0.         0.
 0.         0.         0.         0.         0.         0.
 0.         0.         0.         0.         0.         0.
 0.         0.         0.         0.         0.         0.
 0.         0.         0.         0.         0.         0.        ]
--------------------------------------------------------------------------------------
Solution ID:  2
Fitness:[0.36141245 0.4007509 ]
Position:[3.61412455e-01 1.30824834e-05 2.51706654e-04 2.17777543e-04
 1.51412385e-04 0.00000000e+00 0.00000000e+00 5.61784622e-04
 6.42495794e-06 3.48103797e-04 1.11208337e-04 0.00000000e+00
 0.00000000e+00 6.79245567e-05 6.58572224e-04 0.00000000e+00
 0.00000000e+00 1.81844740e-04 0.00000000e+00 1.38704838e-05
 4.10841551e-05 0.00000000e+00 6.94823243e-05 5.25684388e-05
 0.00000000e+00 0.00000000e+00 2.08469019e-03 4.01862782e-03
 2.40483038e-05 0.00000000e+00]
--------------------------------------------------------------------------------------
Solution ID:  3
Fitness:[0.36918272 0.39309956]
Position:[3.69182722e-01 0.00000000e+00 0.00000000e+00 0.00000000e+00
 0.00000000e+00 0.00000000e+00 0.00000000e+00 0.00000000e+00
 0.00000000e+00 3.37180573e-04 0.00000000e+00 2.36647434e-04
 8.23852303e-04 3.83078775e-04 0.00000000e+00 0.00000000e+00
 1.35794252e-04 4.58972844e-05 2.09597246e-04 0.00000000e+00
 0.00000000e+00 0.00000000e+00 6.21590451e-05 1.69280152e-04
 2.01574828e-04 1.67598691e-04 0.00000000e+00 4.83666668e-04
 0.00000000e+00 0.00000000e+00]
--------------------------------------------------------------------------------------
Solution ID:  4
Fitness:[0.39486079 0.37250938]
Position:[3.94860788e-01 3.60994340e-04 0.00000000e+00 0.00000000e+00
 4.23952138e-04 3.86604400e-04 0.00000000e+00 0.00000000e+00
 7.35873889e-05 1.64496918e-04 2.37635217e-05 0.00000000e+00
 0.00000000e+00 5.06103634e-04 0.00000000e+00 9.82278615e-05
 4.88081479e-05 6.92365331e-06 1.85232285e-04 4.71025750e-05
 0.00000000e+00 8.89337100e-04 2.78685706e-04 3.07945928e-04
 2.35942917e-04 7.80770088e-05 0.00000000e+00 0.00000000e+00
 0.00000000e+00 5.98834479e-05]
--------------------------------------------------------------------------------------
Solution ID:  5
Fitness:[0.38118119 0.38538969]
Position:[3.81181194e-01 6.52473058e-05 1.54757648e-04 3.48225780e-04
 2.16214272e-04 3.07917790e-05 1.06461961e-04 3.08966336e-03
 2.16229182e-04 6.32685187e-04 6.05001931e-05 0.00000000e+00
 7.93552552e-04 1.26966964e-04 1.02689504e-03 6.96727272e-05
 2.83023508e-04 0.00000000e+00 9.33336138e-06 1.27140142e-04
 0.00000000e+00 2.61000312e-03 1.57168645e-05 2.42173993e-05
 6.14785875e-05 7.14509401e-04 0.00000000e+00 1.83086110e-03
 0.00000000e+00 3.77132867e-04]
--------------------------------------------------------------------------------------
Solution ID:  6
Fitness:[0.21017914 0.54353889]
Position:[2.10179136e-01 2.00165139e-05 1.00500778e-04 8.91331327e-05
 3.45225819e-05 1.48598087e-05 4.30316505e-05 3.78432835e-03
 4.65584262e-05 2.51299920e-04 3.94386148e-05 2.95095047e-04
 1.35309224e-04 4.02277340e-06 2.34600667e-04 1.25665065e-05
 1.15954444e-04 1.06723146e-04 6.39146564e-05 1.10511990e-05
 3.38337246e-05 7.62001509e-04 5.17901311e-06 1.34984633e-05
 4.31632028e-06 1.36545685e-04 1.34447265e-03 5.35800692e-04
 3.61146726e-05 5.07345801e-05]
--------------------------------------------------------------------------------------
Solution ID:  7
Fitness:[0.21692687 0.53479843]
Position:[2.16926872e-01 0.00000000e+00 2.56382409e-04 1.95244781e-04
 0.00000000e+00 0.00000000e+00 0.00000000e+00 0.00000000e+00
 0.00000000e+00 0.00000000e+00 0.00000000e+00 0.00000000e+00
 1.56239306e-04 0.00000000e+00 0.00000000e+00 0.00000000e+00
 0.00000000e+00 4.81283738e-05 0.00000000e+00 0.00000000e+00
 4.79829707e-05 0.00000000e+00 0.00000000e+00 0.00000000e+00
 0.00000000e+00 0.00000000e+00 1.46258974e-04 1.42964896e-03
 4.08104037e-05 0.00000000e+00]
--------------------------------------------------------------------------------------
Solution ID:  8
Fitness:[0.24591434 0.50442492]
Position:[2.45914340e-01 0.00000000e+00 1.85365859e-04 4.13487828e-04
 2.34496923e-05 0.00000000e+00 0.00000000e+00 0.00000000e+00
 3.60085576e-05 1.67663061e-05 1.77687484e-05 0.00000000e+00
 4.68785332e-05 0.00000000e+00 1.49725579e-04 0.00000000e+00
 5.65016839e-06 2.63986976e-05 4.89431889e-05 0.00000000e+00
 1.82216397e-04 4.24224630e-05 0.00000000e+00 1.67100735e-05
 0.00000000e+00 0.00000000e+00 8.06456811e-05 0.00000000e+00
 6.47015453e-05 2.42701709e-05]
--------------------------------------------------------------------------------------
Solution ID:  9
Fitness:[0.22756286 0.52491623]
Position:[2.27562860e-01 8.76766812e-05 2.32262609e-04 4.53206794e-04
 2.28620347e-05 2.73693875e-05 5.33866059e-05 1.90819005e-03
 4.07585894e-05 1.37739931e-04 4.20697578e-05 5.73346693e-04
 2.18946193e-04 5.61692196e-05 3.89429685e-04 1.76191036e-04
 1.09872770e-04 1.13575785e-04 2.08091799e-05 4.60073888e-05
 1.66049028e-04 4.33816540e-04 1.93638483e-05 3.42492745e-05
 4.69890904e-05 5.72402643e-05 2.07502389e-03 5.25122194e-04
 9.43677153e-05 9.49917640e-05]
--------------------------------------------------------------------------------------
Solution ID:  10
Fitness:[0.40212502 0.36714792]
Position:[4.02125023e-01 0.00000000e+00 0.00000000e+00 0.00000000e+00
 0.00000000e+00 1.71484484e-06 0.00000000e+00 3.33432335e-03
 0.00000000e+00 0.00000000e+00 0.00000000e+00 2.30346586e-03
 3.06636689e-04 0.00000000e+00 0.00000000e+00 0.00000000e+00
 0.00000000e+00 0.00000000e+00 9.75192875e-05 0.00000000e+00
 0.00000000e+00 0.00000000e+00 0.00000000e+00 0.00000000e+00
 0.00000000e+00 0.00000000e+00 0.00000000e+00 0.00000000e+00
 0.00000000e+00 0.00000000e+00]
--------------------------------------------------------------------------------------
Solution ID:  11
Fitness:[0.41634807 0.35623986]
Position:[4.16348069e-01 3.46614443e-05 1.06312251e-04 1.58890056e-04
 5.97807667e-05 2.57318748e-05 7.45154307e-05 1.39443893e-03
 8.06225450e-05 4.35161598e-04 6.82935778e-05 1.19876056e-04
 1.73742936e-04 6.96600500e-06 4.06244462e-04 2.17606955e-05
 2.00791633e-04 1.84806325e-04 9.77310829e-05 1.91367248e-05
 6.47935416e-05 1.31951412e-03 8.96819871e-06 2.33745115e-05
 7.47432323e-06 2.36448299e-04 6.67800514e-04 9.41761785e-04
 5.97290907e-05 8.78541502e-05]
--------------------------------------------------------------------------------------
Solution ID:  12
Fitness:[0.4226121  0.35003985]
Position:[4.22612097e-01 0.00000000e+00 0.00000000e+00 3.70524009e-04
 0.00000000e+00 0.00000000e+00 0.00000000e+00 0.00000000e+00
 0.00000000e+00 0.00000000e+00 0.00000000e+00 0.00000000e+00
 0.00000000e+00 0.00000000e+00 0.00000000e+00 0.00000000e+00
 0.00000000e+00 0.00000000e+00 0.00000000e+00 0.00000000e+00
 2.31310358e-04 0.00000000e+00 0.00000000e+00 0.00000000e+00
 0.00000000e+00 0.00000000e+00 0.00000000e+00 0.00000000e+00
 0.00000000e+00 0.00000000e+00]
--------------------------------------------------------------------------------------
Solution ID:  13
Fitness:[0.43102739 0.34457247]
Position:[4.31027390e-01 2.95500013e-04 0.00000000e+00 0.00000000e+00
 6.08762977e-04 2.29204556e-04 0.00000000e+00 0.00000000e+00
 8.07626347e-05 0.00000000e+00 0.00000000e+00 0.00000000e+00
 9.07263639e-04 7.30085598e-04 0.00000000e+00 0.00000000e+00
 4.75961405e-09 0.00000000e+00 2.51462143e-04 1.31347792e-04
 0.00000000e+00 9.65956244e-04 3.86691584e-04 4.78653140e-04
 1.62101480e-04 4.40030216e-05 0.00000000e+00 0.00000000e+00
 0.00000000e+00 0.00000000e+00]
--------------------------------------------------------------------------------------
Solution ID:  14
Fitness:[0.43749037 0.34279544]
Position:[4.37490371e-01 8.77583653e-05 6.11445992e-04 1.33395926e-03
 7.41534832e-05 7.48340161e-05 1.00315165e-04 3.46885480e-03
 1.56545569e-04 4.78077079e-04 1.63890724e-04 1.69336405e-03
 8.33136774e-04 2.11353495e-04 1.02463993e-03 1.10590480e-04
 1.33836435e-04 2.04825072e-04 1.26760486e-04 7.40510867e-05
 6.72820404e-04 1.48172648e-03 3.15488059e-05 7.47339671e-05
 4.87115113e-05 3.61936914e-04 1.25054290e-03 4.82545098e-03
 3.54863607e-04 2.65179815e-04]
--------------------------------------------------------------------------------------
Solution ID:  15
Fitness:[0.4152205  0.36150506]
Position:[4.15220501e-01 1.71560810e-04 1.42782210e-03 2.37555886e-03
 0.00000000e+00 1.73307296e-04 1.36191457e-04 2.48304199e-04
 2.64332442e-04 3.71836357e-04 1.12286276e-04 1.35459612e-03
 0.00000000e+00 0.00000000e+00 1.96284239e-03 6.55892622e-05
 9.42254985e-05 9.55169823e-04 0.00000000e+00 2.93715212e-04
 8.78558992e-04 0.00000000e+00 2.62203160e-04 0.00000000e+00
 2.80928684e-04 5.32518328e-04 6.05473662e-03 8.94805356e-03
 5.84868291e-04 3.80137397e-04]
--------------------------------------------------------------------------------------
Solution ID:  16
Fitness:[0.40858604 0.36231706]
Position:[4.08586039e-01 0.00000000e+00 2.94226538e-04 4.68003076e-04
 0.00000000e+00 0.00000000e+00 2.42834266e-05 1.53396122e-03
 7.30418620e-05 2.77229113e-04 1.60648194e-05 2.16213379e-04
 1.66617597e-04 0.00000000e+00 3.42034927e-05 1.56267191e-06
 4.31579150e-05 6.72516476e-05 1.08280191e-05 1.09226562e-06
 1.65588593e-04 4.86563411e-04 0.00000000e+00 0.00000000e+00
 0.00000000e+00 4.43184362e-04 6.64119604e-04 1.97044065e-03
 1.16141699e-04 1.43647405e-04]
--------------------------------------------------------------------------------------
Solution ID:  17
Fitness:[0.0650081  0.75206326]
Position:[6.50081047e-02 2.24307159e-04 0.00000000e+00 0.00000000e+00
 5.70666598e-04 9.19018658e-05 1.36244495e-04 2.64189067e-03
 7.10238233e-04 2.40307698e-03 3.76124386e-04 6.60339949e-05
 3.00677336e-03 9.50726950e-04 2.17190291e-03 2.65970171e-04
 5.28227260e-04 3.04328476e-04 4.62730033e-04 5.32239658e-04
 0.00000000e+00 6.57033433e-03 3.85654803e-04 6.69711774e-04
 4.57559383e-04 1.49869442e-03 0.00000000e+00 0.00000000e+00
 0.00000000e+00 9.29479140e-04]
--------------------------------------------------------------------------------------
Solution ID:  18
Fitness:[0.08501659 0.71210716]
Position:[8.50165899e-02 2.14392601e-04 3.73085430e-04 4.16732541e-04
 3.00531060e-04 0.00000000e+00 0.00000000e+00 7.99715954e-03
 4.72035701e-05 1.20798311e-03 1.25550687e-04 1.62113042e-04
 1.95397956e-04 2.69000266e-04 0.00000000e+00 4.56949140e-05
 1.46637521e-04 3.62593682e-05 1.84256438e-04 4.46967914e-06
 2.22613741e-04 0.00000000e+00 4.94564759e-05 1.35915570e-04
 3.10785354e-05 5.95828492e-05 1.23839772e-03 1.71661678e-04
 1.56145248e-04 9.97663029e-05]
--------------------------------------------------------------------------------------
Solution ID:  19
Fitness:[0.06485833 0.75256684]
Position:[6.48583293e-02 3.65247319e-04 4.68898967e-04 4.19379490e-04
 9.50991695e-04 3.55928630e-04 1.89467426e-04 6.06272015e-04
 2.27028109e-04 0.00000000e+00 3.39061272e-05 6.01165301e-03
 1.53080193e-03 3.28162791e-04 9.04809045e-04 2.37308607e-04
 7.82443475e-05 8.55917178e-04 2.44071391e-04 1.60148887e-04
 2.58202804e-04 4.02070204e-03 3.18555285e-04 3.40683718e-04
 4.05730759e-04 5.97899663e-04 5.20720855e-03 1.05693104e-03
 1.80295620e-04 3.69835790e-04]
--------------------------------------------------------------------------------------
Solution ID:  20
Fitness:[0.14645525 0.61780532]
Position:[1.46455250e-01 0.00000000e+00 0.00000000e+00 0.00000000e+00
 6.15060515e-05 0.00000000e+00 0.00000000e+00 0.00000000e+00
 4.82101881e-05 6.73426336e-05 1.22859250e-05 0.00000000e+00
 3.91048761e-04 7.81424335e-05 0.00000000e+00 6.54595484e-05
 1.54481718e-05 0.00000000e+00 5.84567154e-05 8.14912801e-05
 0.00000000e+00 5.78233588e-04 2.76982866e-05 7.00390278e-05
 4.87715393e-05 1.74335583e-04 0.00000000e+00 0.00000000e+00
 0.00000000e+00 2.13951670e-04]
--------------------------------------------------------------------------------------
Solution ID:  21
Fitness:[0.13787269 0.63218419]
Position:[1.37872690e-01 2.22527733e-06 1.49028741e-04 2.76532805e-04
 1.49326093e-04 0.00000000e+00 0.00000000e+00 4.91017109e-03
 0.00000000e+00 5.43377376e-05 8.46601075e-05 0.00000000e+00
 1.45159351e-04 2.00753754e-04 7.94337231e-04 0.00000000e+00
 0.00000000e+00 1.38908671e-04 0.00000000e+00 0.00000000e+00
 5.52536416e-05 0.00000000e+00 8.46834830e-05 8.14790180e-05
 0.00000000e+00 0.00000000e+00 1.95375950e-03 4.71004623e-03
 4.02739213e-05 0.00000000e+00]
--------------------------------------------------------------------------------------
Solution ID:  22
Fitness:[0.14834501 0.61515185]
Position:[1.48345007e-01 0.00000000e+00 1.39795000e-04 2.13459359e-04
 0.00000000e+00 0.00000000e+00 0.00000000e+00 0.00000000e+00
 0.00000000e+00 0.00000000e+00 0.00000000e+00 0.00000000e+00
 0.00000000e+00 0.00000000e+00 0.00000000e+00 0.00000000e+00
 0.00000000e+00 0.00000000e+00 0.00000000e+00 0.00000000e+00
 1.07697770e-04 0.00000000e+00 0.00000000e+00 0.00000000e+00
 0.00000000e+00 0.00000000e+00 0.00000000e+00 7.12581213e-04
 5.42753075e-05 0.00000000e+00]
--------------------------------------------------------------------------------------
Solution ID:  23
Fitness:[0.1465882  0.61741707]
Position:[1.46588204e-01 0.00000000e+00 9.95890527e-05 2.03561425e-04
 0.00000000e+00 0.00000000e+00 0.00000000e+00 0.00000000e+00
 0.00000000e+00 0.00000000e+00 0.00000000e+00 0.00000000e+00
 0.00000000e+00 0.00000000e+00 0.00000000e+00 0.00000000e+00
 0.00000000e+00 0.00000000e+00 0.00000000e+00 0.00000000e+00
 1.02428841e-04 0.00000000e+00 0.00000000e+00 0.00000000e+00
 0.00000000e+00 0.00000000e+00 0.00000000e+00 6.86570997e-04
 4.54185069e-05 0.00000000e+00]
--------------------------------------------------------------------------------------
Solution ID:  24
Fitness:[0.12179506 0.65442745]
Position:[1.21795063e-01 0.00000000e+00 6.56952753e-04 1.10014437e-03
 1.68193142e-04 0.00000000e+00 5.35387438e-05 2.17154129e-03
 0.00000000e+00 6.87438639e-04 2.59922130e-05 4.95037823e-04
 9.86323079e-04 1.28848053e-04 2.68014819e-04 0.00000000e+00
 0.00000000e+00 3.77102110e-04 8.40368361e-05 0.00000000e+00
 1.52799206e-04 3.54901105e-03 0.00000000e+00 0.00000000e+00
 0.00000000e+00 1.55644391e-04 4.34534217e-04 1.27560237e-03
 2.34818823e-04 3.36814497e-04]
--------------------------------------------------------------------------------------
Solution ID:  25
Fitness:[0.10432742 0.67969152]
Position:[1.04327418e-01 1.66280067e-06 5.86365813e-04 7.95587249e-04
 2.21632315e-04 1.98837819e-06 3.90979333e-05 1.54906343e-03
 4.15926452e-07 4.81703685e-04 1.84698457e-05 3.64773757e-04
 8.00072818e-04 1.27918182e-04 1.93738437e-04 5.57314636e-07
 1.61938405e-07 2.68488578e-04 8.32307072e-05 5.45889043e-07
 1.17885978e-04 2.76945099e-03 2.68955134e-07 9.61216824e-07
 1.67137065e-07 1.09484145e-04 3.42507422e-04 9.56077902e-04
 1.71057617e-04 3.28732169e-04]
--------------------------------------------------------------------------------------
Solution ID:  26
Fitness:[0.17545587 0.5819718 ]
Position:[1.75455871e-01 3.38058396e-05 3.79823598e-04 1.62611770e-04
 1.74170225e-04 1.82413274e-05 4.03037558e-06 3.28396049e-04
 2.19137152e-05 2.85335255e-06 7.39917747e-06 1.36311801e-04
 1.44172401e-04 2.12605271e-05 1.03972159e-04 2.72457714e-05
 8.81719909e-06 6.54988760e-05 2.53195758e-05 3.33893768e-05
 8.59703575e-05 6.91609606e-05 2.72691940e-05 1.22417973e-05
 3.82711822e-05 2.82449307e-04 4.26304116e-04 5.25794307e-04
 8.76774426e-06 2.73791388e-04]
--------------------------------------------------------------------------------------
Solution ID:  27
Fitness:[0.19855096 0.5624581 ]
Position:[1.98550962e-01 2.11520372e-04 6.65347098e-04 8.16585968e-04
 2.95636681e-04 1.08350458e-04 1.75969219e-04 1.34383214e-02
 2.53480081e-04 1.31816242e-03 2.54587169e-04 8.98426157e-04
 8.40609589e-04 4.55517564e-04 1.28589988e-03 7.04601582e-05
 1.75103426e-04 2.25521933e-04 3.53031223e-04 2.44111354e-04
 4.55418990e-04 2.64925418e-03 1.64420755e-04 3.04985363e-04
 1.66973874e-04 6.32013227e-04 3.61757070e-03 2.75330801e-03
 3.04789093e-04 2.09134011e-04]
--------------------------------------------------------------------------------------
Solution ID:  28
Fitness:[0.03823447 0.80471206]
Position:[3.82344662e-02 0.00000000e+00 3.81052236e-04 0.00000000e+00
 1.83886519e-04 0.00000000e+00 2.20195632e-06 0.00000000e+00
 0.00000000e+00 0.00000000e+00 0.00000000e+00 0.00000000e+00
 0.00000000e+00 0.00000000e+00 0.00000000e+00 0.00000000e+00
 0.00000000e+00 0.00000000e+00 0.00000000e+00 0.00000000e+00
 0.00000000e+00 0.00000000e+00 0.00000000e+00 0.00000000e+00
 0.00000000e+00 0.00000000e+00 0.00000000e+00 0.00000000e+00
 2.09195997e-06 3.17964787e-04]
--------------------------------------------------------------------------------------
Solution ID:  29
Fitness:[0.04296212 0.79272695]
Position:[0.04296212 0.         0.         0.         0.         0.
 0.         0.         0.         0.         0.         0.
 0.         0.         0.         0.         0.         0.
 0.         0.         0.         0.         0.         0.
 0.         0.         0.         0.         0.         0.        ]
--------------------------------------------------------------------------------------
Solution ID:  30
Fitness:[0.28424782 0.47016214]
Position:[2.84247815e-01 3.04016623e-04 3.34057230e-04 3.47398067e-04
 6.16648407e-04 0.00000000e+00 1.70435390e-04 5.01144635e-03
 2.94261751e-04 2.57723592e-04 6.56171288e-05 6.06966009e-05
 9.34953279e-04 2.35817899e-04 1.85693474e-03 1.53705249e-04
 8.87082172e-05 3.30384291e-05 4.99785263e-05 3.09475964e-04
 5.53068333e-05 0.00000000e+00 1.70776356e-04 1.85750686e-04
 1.47028880e-04 4.64442523e-04 3.61538117e-04 1.45092396e-03
 4.44801574e-05 5.35847668e-04]
--------------------------------------------------------------------------------------
Solution ID:  31
Fitness:[0.25931188 0.49554363]
Position:[2.59311881e-01 4.27555263e-04 3.80815404e-04 4.16323422e-04
 7.01275526e-04 9.78844066e-05 1.03800746e-04 3.71746963e-03
 3.78771664e-04 4.95664325e-04 8.20105833e-05 5.39588371e-04
 1.27835525e-03 5.26685429e-04 1.60398298e-03 7.03042902e-05
 2.57650024e-04 1.41039454e-04 1.87812784e-04 2.91227411e-04
 1.59898126e-04 3.66505556e-03 2.17880595e-04 2.81607936e-04
 1.77126960e-04 8.46385433e-04 1.64243225e-03 1.18705752e-03
 1.40450087e-04 5.94464515e-04]
--------------------------------------------------------------------------------------
Solution ID:  32
Fitness:[0.26064324 0.49021379]
Position:[2.60643241e-01 0.00000000e+00 7.77630264e-05 1.58498994e-05
 3.87509888e-05 0.00000000e+00 0.00000000e+00 6.65776449e-04
 0.00000000e+00 1.81276215e-04 0.00000000e+00 4.49197047e-06
 9.58797795e-05 2.13783767e-05 1.53014497e-05 0.00000000e+00
 3.30695103e-06 9.45078214e-05 2.75677065e-05 0.00000000e+00
 0.00000000e+00 9.55458457e-04 0.00000000e+00 0.00000000e+00
 5.73736816e-07 3.41389265e-04 3.96696515e-05 4.86665516e-04
 0.00000000e+00 1.62237715e-04]
--------------------------------------------------------------------------------------
Solution ID:  33
Fitness:[0.28988992 0.46161822]
Position:[2.89889917e-01 0.00000000e+00 0.00000000e+00 0.00000000e+00
 8.24371775e-05 0.00000000e+00 0.00000000e+00 0.00000000e+00
 0.00000000e+00 0.00000000e+00 0.00000000e+00 0.00000000e+00
 5.70934113e-06 5.50637361e-05 0.00000000e+00 0.00000000e+00
 0.00000000e+00 0.00000000e+00 0.00000000e+00 0.00000000e+00
 0.00000000e+00 0.00000000e+00 0.00000000e+00 0.00000000e+00
 0.00000000e+00 0.00000000e+00 0.00000000e+00 0.00000000e+00
 0.00000000e+00 0.00000000e+00]
--------------------------------------------------------------------------------------
Solution ID:  34
Fitness:[0.29633815 0.45922998]
Position:[2.96338152e-01 0.00000000e+00 1.61498290e-04 3.48163825e-04
 4.69899476e-04 0.00000000e+00 0.00000000e+00 0.00000000e+00
 3.77786114e-04 5.05544525e-04 6.19192560e-05 0.00000000e+00
 1.34220143e-03 2.68994841e-05 1.53516764e-03 7.31378948e-05
 1.57905584e-04 0.00000000e+00 0.00000000e+00 1.63487546e-04
 0.00000000e+00 6.36836026e-03 0.00000000e+00 0.00000000e+00
 0.00000000e+00 1.28143530e-03 0.00000000e+00 2.56293511e-03
 0.00000000e+00 4.92128513e-04]
--------------------------------------------------------------------------------------
Solution ID:  35
Fitness:[0.29867286 0.45833731]
Position:[2.98672864e-01 1.32190523e-04 1.09099998e-03 1.82650269e-03
 0.00000000e+00 1.33332820e-04 1.04646248e-04 1.94895757e-04
 2.03286872e-04 2.85605928e-04 8.63301978e-05 1.04206945e-03
 0.00000000e+00 0.00000000e+00 1.50878767e-03 5.07207505e-05
 7.24776935e-05 7.34405613e-04 0.00000000e+00 2.25999492e-04
 6.75364507e-04 0.00000000e+00 2.01720060e-04 0.00000000e+00
 2.16241885e-04 4.12584086e-04 4.65547399e-03 6.87880662e-03
 4.49289570e-04 2.95445194e-04]
--------------------------------------------------------------------------------------
Solution ID:  36
Fitness:[0.45689997 0.32417947]
Position:[4.56899966e-01 0.00000000e+00 8.25495930e-05 0.00000000e+00
 2.32830221e-04 0.00000000e+00 0.00000000e+00 0.00000000e+00
 0.00000000e+00 0.00000000e+00 0.00000000e+00 0.00000000e+00
 0.00000000e+00 0.00000000e+00 0.00000000e+00 0.00000000e+00
 0.00000000e+00 0.00000000e+00 0.00000000e+00 0.00000000e+00
 0.00000000e+00 0.00000000e+00 0.00000000e+00 0.00000000e+00
 0.00000000e+00 0.00000000e+00 0.00000000e+00 0.00000000e+00
 0.00000000e+00 2.84373788e-04]
--------------------------------------------------------------------------------------
Solution ID:  37
Fitness:[0.46846763 0.31648916]
Position:[4.68467629e-01 2.92729955e-05 0.00000000e+00 0.00000000e+00
 6.26088269e-05 1.08807786e-06 6.05687831e-05 1.47087083e-03
 8.64830420e-05 2.58948432e-04 6.80665906e-05 6.36903336e-05
 1.39517616e-04 8.83831324e-05 5.36252903e-04 2.68752937e-05
 7.22590125e-06 2.34066850e-04 1.44670714e-04 2.20234067e-05
 0.00000000e+00 2.31526897e-04 2.70814037e-05 7.88699531e-05
 3.15288203e-05 2.87603359e-04 5.36098663e-04 0.00000000e+00
 0.00000000e+00 9.15388061e-05]
--------------------------------------------------------------------------------------
Solution ID:  38
Fitness:[0.4793615  0.30830331]
Position:[4.79361495e-01 0.00000000e+00 2.95673037e-04 3.14391534e-04
 0.00000000e+00 0.00000000e+00 2.59405036e-05 3.32365693e-04
 0.00000000e+00 2.38617820e-04 2.18709491e-05 3.64885197e-04
 0.00000000e+00 0.00000000e+00 3.40803125e-04 5.09025432e-06
 0.00000000e+00 1.18133772e-04 0.00000000e+00 0.00000000e+00
 3.18736948e-04 0.00000000e+00 0.00000000e+00 0.00000000e+00
 0.00000000e+00 0.00000000e+00 7.34035936e-04 0.00000000e+00
 1.29132709e-04 2.57841193e-05]
--------------------------------------------------------------------------------------
Solution ID:  39
Fitness:[0.49274182 0.30247297]
Position:[4.92741821e-01 8.17616815e-05 5.31070807e-04 8.67689442e-04
 5.51952538e-04 5.95219031e-05 1.20537952e-05 0.00000000e+00
 4.30006433e-04 7.91921950e-04 1.12707115e-04 4.82607677e-04
 1.59434105e-03 1.26299278e-04 2.04746419e-03 1.27839007e-04
 1.81849077e-04 6.22171495e-05 2.48116996e-05 2.37358907e-04
 9.33513544e-05 6.92512854e-03 7.46518769e-05 5.68934603e-05
 2.50549829e-05 1.37525236e-03 6.24883367e-04 3.69223067e-03
 6.99478497e-05 7.06198303e-04]
--------------------------------------------------------------------------------------
Solution ID:  40
Fitness:[0.47327657 0.31627082]
Position:[4.73276571e-01 1.44094989e-04 5.39594859e-04 6.71911685e-04
 1.72013141e-04 1.08956619e-04 7.14296847e-05 1.00457805e-02
 1.09500281e-04 7.26983466e-04 9.00600491e-05 5.61883744e-04
 2.34609557e-04 1.51434406e-04 3.29129235e-04 1.29875698e-04
 8.75906783e-05 9.20237160e-05 1.11905207e-04 8.00118417e-05
 2.95115298e-04 7.48150522e-04 3.89231148e-05 8.97142533e-05
 7.57433834e-05 3.61324031e-04 1.94072849e-03 2.17482214e-03
 1.71024517e-04 3.64734156e-04]
--------------------------------------------------------------------------------------
Solution ID:  41
Fitness:[0.45887959 0.32263262]
Position:[4.58879588e-01 0.00000000e+00 0.00000000e+00 0.00000000e+00
 0.00000000e+00 0.00000000e+00 0.00000000e+00 0.00000000e+00
 0.00000000e+00 1.09408220e-04 0.00000000e+00 0.00000000e+00
 0.00000000e+00 6.40494475e-05 0.00000000e+00 0.00000000e+00
 0.00000000e+00 0.00000000e+00 0.00000000e+00 0.00000000e+00
 0.00000000e+00 0.00000000e+00 0.00000000e+00 0.00000000e+00
 1.72284786e-05 0.00000000e+00 0.00000000e+00 0.00000000e+00
 0.00000000e+00 0.00000000e+00]
--------------------------------------------------------------------------------------
Solution ID:  42
Fitness:[0.49706781 0.30172271]
Position:[4.97067810e-01 2.24125278e-04 1.49981866e-03 2.41934548e-03
 3.48091436e-04 1.89165856e-04 1.96584313e-04 5.67375091e-03
 2.49078256e-04 9.53654614e-04 1.49632048e-04 1.77463844e-03
 1.45157371e-03 3.97500787e-04 1.41105389e-03 1.18073689e-04
 1.53674790e-04 5.45876907e-04 1.92468518e-04 2.17376920e-04
 8.80796915e-04 3.44855950e-03 1.57200305e-04 2.47205837e-04
 1.55107256e-04 3.45092486e-04 3.48363293e-03 5.59889250e-03
 5.40044466e-04 5.37483007e-04]
--------------------------------------------------------------------------------------
Solution ID:  43
Fitness:[0.48737005 0.30331687]
Position:[4.87370048e-01 1.64347130e-04 2.09342468e-04 3.32984643e-04
 1.90256651e-04 1.82003803e-04 1.72776816e-05 1.09141490e-03
 8.86196048e-05 2.79176585e-04 2.32655727e-05 1.53836029e-04
 1.18548582e-04 2.45457612e-04 2.43358183e-05 5.00342958e-05
 5.50158297e-05 5.12979428e-05 9.99592113e-05 2.42366176e-05
 1.17816445e-04 7.89125287e-04 1.19149194e-04 1.33805263e-04
 1.00588983e-04 3.54212411e-04 4.72521743e-04 1.40197044e-03
 8.26349319e-05 1.32030260e-04]
--------------------------------------------------------------------------------------
Solution ID:  44
Fitness:[0.46738167 0.32188256]
Position:[4.67381675e-01 0.00000000e+00 1.44569491e-03 1.88625881e-03
 1.81429200e-04 4.73635335e-05 0.00000000e+00 0.00000000e+00
 6.99520543e-05 0.00000000e+00 1.22139495e-04 2.33425169e-03
 1.46357574e-04 0.00000000e+00 1.80243108e-03 8.68946664e-05
 0.00000000e+00 6.97724704e-04 0.00000000e+00 3.75817309e-05
 6.53287417e-04 4.64085139e-03 1.69021151e-05 0.00000000e+00
 0.00000000e+00 1.85815281e-04 4.87501632e-03 7.07773419e-03
 4.15732092e-04 3.48538639e-04]
--------------------------------------------------------------------------------------
Solution ID:  45
Fitness:[0.55383417 0.25754931]
Position:[5.53834170e-01 6.26489482e-05 1.54277501e-04 7.47187976e-05
 1.32901002e-04 2.42022918e-05 7.61070839e-05 2.11866472e-03
 1.38959401e-04 7.08398864e-04 1.22509067e-04 3.76503050e-05
 2.87867865e-04 7.85966237e-06 6.59182862e-04 1.81863769e-05
 1.66361796e-04 2.19824889e-04 1.78770012e-04 2.79679535e-05
 2.58853177e-05 1.75111234e-03 1.51771241e-05 3.35693851e-05
 2.10624187e-05 5.02041752e-04 5.11779699e-04 6.65330381e-04
 2.75140122e-05 2.04617911e-04]
--------------------------------------------------------------------------------------
Solution ID:  46
Fitness:[0.57417286 0.24445819]
Position:[5.74172864e-01 3.13302037e-04 7.13323927e-04 1.52906403e-03
 3.79809193e-04 7.17891429e-05 3.17978986e-05 0.00000000e+00
 1.45470082e-04 3.78123256e-04 0.00000000e+00 0.00000000e+00
 2.52536531e-04 1.01654047e-04 1.50381556e-03 8.68535278e-04
 5.88530200e-04 0.00000000e+00 4.98772319e-05 1.19075308e-04
 5.06852237e-04 2.19905418e-03 0.00000000e+00 1.21009051e-04
 0.00000000e+00 2.86993111e-04 0.00000000e+00 3.71756133e-04
 2.93332103e-04 5.81789459e-04]
--------------------------------------------------------------------------------------
Solution ID:  47
Fitness:[0.59962882 0.22852047]
Position:[5.99628820e-01 2.18940319e-04 4.12301725e-04 6.26167058e-04
 2.76031369e-04 1.24643903e-04 2.97892842e-05 2.40586968e-03
 8.46985422e-05 0.00000000e+00 1.66603672e-05 7.30248332e-04
 1.44823311e-04 2.97732401e-04 4.36900041e-04 4.06824581e-05
 1.25653434e-05 1.66614257e-04 1.45812113e-05 5.46611053e-05
 2.38707896e-04 6.91400204e-04 8.77322778e-05 1.26790682e-04
 2.42044780e-05 2.26697094e-04 2.75265711e-03 4.65289458e-03
 1.03960091e-04 1.19836679e-04]
--------------------------------------------------------------------------------------
Solution ID:  48
Fitness:[0.55984878 0.2526658 ]
Position:[5.59848783e-01 2.63039448e-04 0.00000000e+00 0.00000000e+00
 3.03116094e-04 2.89795719e-04 0.00000000e+00 0.00000000e+00
 1.26140347e-04 4.09766248e-04 3.55202511e-05 1.90381889e-04
 0.00000000e+00 3.72163632e-04 0.00000000e+00 7.90502346e-05
 8.23936230e-05 2.75627464e-05 1.30855157e-04 3.83832117e-05
 0.00000000e+00 1.19532970e-03 1.92019744e-04 2.04757875e-04
 1.48323824e-04 3.36970834e-04 0.00000000e+00 0.00000000e+00
 0.00000000e+00 1.87507132e-04]
--------------------------------------------------------------------------------------
Solution ID:  49
Fitness:[0.61100536 0.21976675]
Position:[6.11005357e-01 3.43885453e-05 6.94960004e-05 0.00000000e+00
 0.00000000e+00 9.06199674e-06 2.56357585e-05 3.93176543e-04
 9.31532672e-05 9.17011606e-04 6.31231835e-05 1.31732411e-03
 3.33555349e-04 6.40873821e-05 1.27853685e-04 0.00000000e+00
 1.75689714e-04 2.91374889e-04 5.09688099e-05 5.29811609e-05
 8.35612876e-05 2.05226762e-03 2.14171418e-05 4.33964202e-05
 4.93096142e-05 4.41411874e-04 6.35116987e-04 0.00000000e+00
 2.41365674e-05 2.18526288e-04]
--------------------------------------------------------------------------------------
Solution ID:  50
Fitness:[0.64094788 0.20120742]
Position:[6.40947877e-01 2.53349292e-05 0.00000000e+00 1.25988046e-04
 0.00000000e+00 6.29134723e-06 2.15552293e-05 2.72312842e-03
 6.34242773e-06 1.25051268e-03 1.07452815e-04 3.78311709e-04
 9.52343484e-05 1.08971431e-04 0.00000000e+00 0.00000000e+00
 0.00000000e+00 4.11438655e-04 6.07921274e-05 0.00000000e+00
 1.11155800e-04 5.93762134e-04 6.81954667e-06 2.96878273e-05
 2.24504382e-05 2.42109738e-04 1.74592666e-03 1.55399990e-03
 3.61634746e-05 1.18082014e-06]
--------------------------------------------------------------------------------------
Solution ID:  51
Fitness:[0.60334467 0.22689599]
Position:[6.03344672e-01 2.27159167e-05 8.97813950e-04 1.25907730e-03
 2.20161164e-04 4.10242088e-05 5.40111548e-05 1.12304009e-03
 1.93776692e-04 8.55596754e-04 8.00689422e-05 1.12966472e-03
 6.77583385e-04 1.63734854e-04 1.20147060e-03 7.39536552e-05
 8.53928090e-05 2.34894369e-04 6.01200349e-05 9.62148101e-05
 3.81350404e-04 2.74041057e-03 2.49202647e-05 4.93973583e-05
 4.27194779e-05 7.64232456e-04 1.84071603e-03 4.29319455e-03
 2.26225192e-04 3.70559787e-04]
--------------------------------------------------------------------------------------
Solution ID:  52
Fitness:[0.6474145  0.19882877]
Position:[6.47414498e-01 1.10946602e-04 1.03042803e-03 1.58189809e-03
 0.00000000e+00 1.14453241e-04 9.14814671e-05 1.18815309e-04
 1.75449709e-04 2.50984955e-04 7.48149591e-05 8.95520093e-04
 0.00000000e+00 0.00000000e+00 1.31160874e-03 4.02758609e-05
 6.23915549e-05 6.36035721e-04 0.00000000e+00 1.93601619e-04
 5.86622679e-04 1.11877065e-05 1.73209767e-04 4.98143334e-06
 1.84226728e-04 3.17847986e-04 4.03011337e-03 5.97151764e-03
 3.94139381e-04 2.16111746e-04]
--------------------------------------------------------------------------------------
Solution ID:  53
Fitness:[0.6406702  0.20363191]
Position:[6.40670205e-01 1.09155340e-04 1.72034896e-05 8.94442888e-05
 2.18625159e-04 4.54624734e-05 8.65545342e-05 6.07646777e-03
 2.56372916e-04 9.53067231e-04 1.21766148e-04 9.96832528e-04
 1.39568207e-03 4.31379910e-04 5.20378389e-04 7.48877906e-05
 6.31859341e-05 4.05281523e-04 3.58760574e-04 1.28674071e-04
 8.00703139e-05 4.64449943e-03 1.40046891e-04 3.27285464e-04
 2.53041158e-04 8.89731449e-04 1.86137402e-03 1.13334290e-03
 2.59388028e-05 3.23292994e-05]
--------------------------------------------------------------------------------------
Solution ID:  54
Fitness:[0.63118833 0.20988263]
Position:[6.31188332e-01 2.00790074e-04 7.06787126e-04 1.05964814e-03
 2.97345892e-04 1.00741945e-04 2.00980656e-04 3.16011230e-03
 3.02823855e-04 3.64288815e-04 1.05766790e-04 8.20927401e-04
 1.74464594e-03 4.30711450e-04 1.56822150e-03 6.40537011e-04
 3.76412120e-04 2.49999688e-04 3.49416435e-04 1.66099658e-04
 4.18494142e-04 3.59377547e-03 1.14387427e-04 3.22190043e-04
 2.59725176e-04 8.86680189e-04 8.34581879e-04 3.32899001e-03
 3.27164296e-04 3.27627824e-04]
--------------------------------------------------------------------------------------
Solution ID:  55
Fitness:[0.61716558 0.21897268]
Position:[6.17165579e-01 1.61974558e-04 1.13079425e-03 1.72119903e-03
 1.16185784e-04 1.13627761e-04 8.19821524e-05 7.91682556e-03
 7.11542723e-05 4.42760688e-04 5.96431580e-05 1.34730774e-03
 1.88356600e-04 1.01148782e-04 3.72949123e-04 8.27758347e-05
 5.65951325e-05 2.93359266e-04 7.36613508e-05 5.53322005e-05
 7.06267348e-04 4.85116652e-04 2.64719867e-05 6.14101546e-05
 4.99910224e-05 2.29662759e-04 3.17153735e-03 4.48112337e-03
 3.96056687e-04 2.35150343e-04]
--------------------------------------------------------------------------------------
Solution ID:  56
Fitness:[0.70233857 0.16419265]
Position:[7.02338567e-01 3.51549160e-05 7.27069413e-04 1.02207948e-03
 7.37595772e-05 1.09186905e-06 6.07798231e-05 9.45914606e-04
 7.20946948e-05 3.27105462e-04 8.57141443e-05 6.39122501e-05
 8.46230060e-04 8.86910861e-05 5.38121371e-04 2.69689354e-05
 7.25107849e-06 1.73501125e-04 7.32739252e-05 2.38456217e-05
 4.76236555e-04 2.32333607e-04 2.77628569e-05 7.91447601e-05
 3.16386763e-05 1.94247631e-04 1.25796603e-03 4.51749119e-03
 3.64050401e-04 9.18577552e-05]
--------------------------------------------------------------------------------------
Solution ID:  57
Fitness:[0.72694081 0.15104136]
Position:[7.26940814e-01 9.14064329e-05 1.55279450e-03 2.40962553e-03
 0.00000000e+00 8.19526753e-05 1.25106606e-04 3.57593178e-03
 0.00000000e+00 1.63113088e-04 2.93384053e-05 1.90373478e-03
 0.00000000e+00 0.00000000e+00 7.88850657e-04 0.00000000e+00
 0.00000000e+00 4.73860167e-04 0.00000000e+00 0.00000000e+00
 1.13261382e-03 0.00000000e+00 0.00000000e+00 0.00000000e+00
 0.00000000e+00 0.00000000e+00 3.81451227e-03 3.75117298e-03
 5.80268999e-04 0.00000000e+00]
--------------------------------------------------------------------------------------
Solution ID:  58
Fitness:[0.74754307 0.13615401]
Position:[7.47543067e-01 6.36559111e-05 2.40318719e-05 3.24254394e-05
 7.69384244e-04 2.47352157e-05 1.00983636e-05 2.16691073e-04
 2.31556265e-05 0.00000000e+00 0.00000000e+00 4.91230576e-04
 7.69804665e-04 3.69151855e-04 5.45785075e-05 2.10803034e-05
 5.05662238e-06 9.83408852e-06 1.71273042e-04 1.89429256e-05
 2.20708074e-05 6.72676350e-04 4.06464062e-05 1.13790221e-04
 3.98470994e-05 5.36343191e-05 2.54781118e-04 0.00000000e+00
 1.25676821e-05 2.59913741e-05]
--------------------------------------------------------------------------------------
Solution ID:  59
Fitness:[0.70860255 0.16268511]
Position:[7.08602551e-01 1.36243736e-04 7.20788083e-04 1.14634352e-03
 1.52645779e-04 1.87935194e-04 1.41221081e-04 5.37208728e-03
 1.33497260e-04 1.44142620e-04 8.51286959e-05 1.04073276e-03
 1.43224475e-04 1.94326363e-04 1.29393215e-03 1.10541866e-04
 4.23826469e-05 2.97175069e-04 3.29563391e-05 1.00805300e-04
 4.50907729e-04 8.51307065e-04 8.42937937e-05 9.04128195e-05
 5.96871735e-05 3.72491866e-04 3.95507713e-03 6.96748987e-03
 2.25216735e-04 3.06441848e-04]
--------------------------------------------------------------------------------------
Solution ID:  60
Fitness:[0.71818491 0.1540882 ]
Position:[7.18184913e-01 1.28242413e-04 1.01503383e-04 9.75959907e-05
 8.10133475e-04 7.98260002e-05 4.17871704e-05 6.83231068e-04
 6.61387657e-05 4.39823175e-05 8.52930767e-06 1.38977135e-03
 8.88064676e-04 3.71898736e-04 2.10936053e-04 5.93242785e-05
 2.36232309e-05 1.47849007e-04 1.92293836e-04 4.63324737e-05
 6.10832930e-05 1.19652530e-03 8.86214925e-05 1.55457779e-04
 1.04299824e-04 1.80462845e-04 1.14172037e-03 1.85551484e-04
 3.93252425e-05 9.67287111e-05]
--------------------------------------------------------------------------------------
Solution ID:  61
Fitness:[0.73652997 0.14340563]
Position:[7.36529970e-01 7.46633676e-06 0.00000000e+00 5.39102272e-05
 0.00000000e+00 3.30099913e-06 1.93881649e-05 2.61050313e-03
 7.68667237e-06 1.16039442e-03 9.97092221e-05 2.32456554e-04
 1.08618999e-04 1.15539214e-04 0.00000000e+00 0.00000000e+00
 0.00000000e+00 4.20137864e-04 7.87216691e-05 0.00000000e+00
 9.73169171e-05 5.50972636e-04 6.32809569e-06 3.62911915e-05
 3.24509024e-05 3.65416822e-04 1.13886713e-03 1.96001907e-03
 2.68708530e-05 0.00000000e+00]
--------------------------------------------------------------------------------------
Solution ID:  62
Fitness:[0.52280558 0.28263858]
Position:[5.22805583e-01 9.44365607e-07 7.04028046e-04 8.87083145e-04
 0.00000000e+00 7.25573436e-05 4.41326912e-04 9.05614055e-03
 0.00000000e+00 4.96082375e-04 3.40461446e-04 5.51779702e-04
 0.00000000e+00 0.00000000e+00 3.99587761e-03 2.21897689e-04
 6.50615698e-05 4.92295553e-04 0.00000000e+00 7.31764472e-05
 2.99348166e-04 0.00000000e+00 0.00000000e+00 0.00000000e+00
 8.02848058e-05 0.00000000e+00 3.11621865e-03 6.75012400e-03
 3.89035769e-04 6.54119961e-04]
--------------------------------------------------------------------------------------
Solution ID:  63
Fitness:[0.50219304 0.29150539]
Position:[5.02193036e-01 2.39167970e-04 0.00000000e+00 0.00000000e+00
 2.15424626e-04 0.00000000e+00 0.00000000e+00 0.00000000e+00
 0.00000000e+00 0.00000000e+00 0.00000000e+00 0.00000000e+00
 0.00000000e+00 1.75561190e-04 0.00000000e+00 0.00000000e+00
 0.00000000e+00 0.00000000e+00 0.00000000e+00 0.00000000e+00
 0.00000000e+00 0.00000000e+00 0.00000000e+00 6.01079508e-05
 0.00000000e+00 0.00000000e+00 0.00000000e+00 0.00000000e+00
 0.00000000e+00 1.14097490e-04]
--------------------------------------------------------------------------------------
Solution ID:  64
Fitness:[0.54890853 0.2599738 ]
Position:[5.48908527e-01 0.00000000e+00 2.42631915e-04 0.00000000e+00
 0.00000000e+00 0.00000000e+00 0.00000000e+00 0.00000000e+00
 0.00000000e+00 0.00000000e+00 0.00000000e+00 3.65590323e-03
 0.00000000e+00 2.26125757e-04 0.00000000e+00 0.00000000e+00
 0.00000000e+00 0.00000000e+00 0.00000000e+00 0.00000000e+00
 0.00000000e+00 0.00000000e+00 0.00000000e+00 0.00000000e+00
 0.00000000e+00 0.00000000e+00 0.00000000e+00 0.00000000e+00
 2.62872523e-04 0.00000000e+00]
--------------------------------------------------------------------------------------
Solution ID:  65
Fitness:[0.52457019 0.2792811 ]
Position:[5.24570193e-01 1.60110854e-04 2.86334593e-04 5.00197513e-04
 5.02626230e-04 1.66623868e-04 4.40661799e-05 9.06338362e-04
 2.72183682e-04 3.86656921e-04 5.86766380e-05 1.79553983e-03
 1.11874990e-03 1.53959548e-04 1.23293723e-03 1.18427651e-04
 5.98426594e-05 1.60840773e-04 7.67926845e-05 1.50983491e-04
 1.73440608e-04 3.86445692e-03 2.03627553e-04 1.96650123e-04
 1.44652416e-04 9.25580196e-04 1.13658971e-03 2.58057794e-03
 1.37987338e-04 4.20103726e-04]
--------------------------------------------------------------------------------------
Solution ID:  66
Fitness:[0.52993819 0.27286921]
Position:[5.29938192e-01 0.00000000e+00 0.00000000e+00 0.00000000e+00
 8.35686084e-05 4.38742456e-05 7.24671594e-05 2.02032177e-03
 1.16297697e-04 3.83372268e-04 0.00000000e+00 0.00000000e+00
 1.89731305e-04 6.16055548e-05 6.98829939e-05 1.04969999e-05
 3.64003741e-04 0.00000000e+00 1.48984945e-05 5.75617677e-05
 0.00000000e+00 6.32985178e-05 1.53787782e-05 3.61098016e-06
 0.00000000e+00 3.17601309e-04 0.00000000e+00 2.72764152e-04
 0.00000000e+00 8.27037741e-05]
--------------------------------------------------------------------------------------
Solution ID:  67
Fitness:[0.54753341 0.26238557]
Position:[5.47533410e-01 8.63349766e-05 4.54065399e-04 6.32722989e-04
 1.05153132e-04 5.95624139e-05 1.48462978e-04 3.22784345e-03
 7.94422975e-05 3.30948483e-04 6.09599025e-05 6.72648351e-04
 2.53617337e-04 9.20413876e-05 7.07638333e-04 6.72092584e-05
 7.18543162e-05 1.22786393e-04 1.24975250e-05 8.57134342e-05
 1.95522740e-04 1.09363172e-03 2.80104460e-05 2.33387251e-05
 7.33174529e-05 1.57546819e-04 8.34663988e-04 1.93247451e-03
 1.03380516e-04 2.50858757e-04]
--------------------------------------------------------------------------------------
Solution ID:  68
Fitness:[0.76592751 0.12772339]
Position:[7.65927514e-01 1.20992002e-04 9.74402448e-04 1.37196073e-03
 4.84376428e-06 2.26022004e-04 2.96937942e-05 3.37791564e-03
 4.41727933e-05 0.00000000e+00 0.00000000e+00 1.48692212e-05
 8.07267775e-04 5.46830355e-05 0.00000000e+00 8.98250718e-05
 2.97643640e-05 0.00000000e+00 2.04513220e-05 3.10291961e-05
 6.72326787e-04 2.37261347e-03 2.64128100e-05 3.62704771e-05
 1.38781404e-04 2.75564258e-04 2.37226845e-04 5.06029903e-03
 4.66183789e-04 9.32473306e-05]
--------------------------------------------------------------------------------------
Solution ID:  69
Fitness:[0.76915569 0.12592979]
Position:[7.69155693e-01 6.96042821e-05 9.16942396e-04 1.35577882e-03
 2.55900804e-05 1.51733258e-04 1.21871462e-04 4.66951909e-03
 1.49448932e-05 0.00000000e+00 4.11229140e-05 0.00000000e+00
 1.21684782e-03 0.00000000e+00 2.20058532e-04 9.23436986e-05
 0.00000000e+00 9.28910363e-05 4.51354690e-05 0.00000000e+00
 5.72680423e-04 1.21383636e-03 0.00000000e+00 3.66676700e-05
 7.75528793e-05 2.25806515e-04 1.13954296e-03 4.06079687e-03
 4.43998082e-04 7.79727897e-05]
--------------------------------------------------------------------------------------
Solution ID:  70
Fitness:[0.79321773 0.11324529]
Position:[7.93217729e-01 8.21727922e-05 2.29876337e-03 3.77894049e-03
 0.00000000e+00 1.21551576e-04 0.00000000e+00 0.00000000e+00
 0.00000000e+00 0.00000000e+00 0.00000000e+00 1.46670792e-03
 0.00000000e+00 0.00000000e+00 4.06677276e-05 0.00000000e+00
 0.00000000e+00 4.98817085e-04 0.00000000e+00 0.00000000e+00
 1.58080169e-03 0.00000000e+00 0.00000000e+00 8.39813771e-06
 0.00000000e+00 0.00000000e+00 4.91751558e-03 6.92197138e-03
 7.51007995e-04 0.00000000e+00]
--------------------------------------------------------------------------------------
Solution ID:  71
Fitness:[0.76984582 0.12576804]
Position:[7.69845816e-01 0.00000000e+00 3.41652801e-04 7.96640256e-04
 0.00000000e+00 0.00000000e+00 5.41762685e-04 8.67105732e-03
 0.00000000e+00 1.32470204e-03 3.39022788e-04 0.00000000e+00
 0.00000000e+00 0.00000000e+00 3.42839775e-03 2.62378079e-04
 1.28977647e-04 1.67541885e-04 5.61452887e-05 7.48721396e-05
 3.85825355e-04 0.00000000e+00 0.00000000e+00 0.00000000e+00
 1.21954443e-04 5.33703284e-05 0.00000000e+00 0.00000000e+00
 3.34168021e-04 1.18744715e-03]
--------------------------------------------------------------------------------------
Solution ID:  72
Fitness:[0.77379149 0.12195458]
Position:[7.73791486e-01 0.00000000e+00 5.44825573e-04 9.41069990e-04
 0.00000000e+00 8.82066949e-05 0.00000000e+00 0.00000000e+00
 0.00000000e+00 2.88435914e-05 0.00000000e+00 1.05715226e-03
 1.24089897e-04 0.00000000e+00 0.00000000e+00 0.00000000e+00
 0.00000000e+00 2.26778729e-04 8.92901956e-05 1.06115279e-04
 1.81507276e-04 2.14650274e-03 7.75401268e-05 1.36955251e-04
 8.21653442e-05 4.92112958e-05 0.00000000e+00 3.03933044e-03
 3.29149237e-04 0.00000000e+00]
--------------------------------------------------------------------------------------
Solution ID:  73
Fitness:[0.75449289 0.13592301]
Position:[7.54492889e-01 2.76406822e-04 7.81767829e-04 1.41009526e-03
 8.36524159e-05 9.51700833e-05 2.16587991e-04 6.49509978e-03
 1.19039931e-04 4.91282209e-04 1.31823111e-04 1.84197488e-03
 6.44142160e-04 1.95280064e-04 1.21106754e-03 4.64065922e-04
 2.80306639e-04 3.75063599e-04 5.63856373e-05 1.51378829e-04
 5.37003851e-04 1.19591689e-03 6.03623894e-05 9.98150828e-05
 1.64628735e-04 1.55091023e-04 5.77731383e-03 1.87134361e-03
 2.91896427e-04 3.38176264e-04]
--------------------------------------------------------------------------------------
Solution ID:  74
Fitness:[0.78431467 0.11746977]
Position:[7.84314673e-01 0.00000000e+00 3.65443802e-04 4.15032616e-04
 1.47018128e-04 0.00000000e+00 6.05900069e-05 4.17648169e-03
 2.09074223e-04 0.00000000e+00 4.64429973e-05 4.62723547e-04
 1.61814737e-03 2.52906462e-04 5.01092201e-04 3.49205612e-05
 5.91536327e-05 1.53827183e-04 2.61328281e-04 9.81196616e-05
 2.09496454e-04 4.14232074e-03 1.08062842e-04 2.33599623e-04
 1.81495250e-04 4.56290274e-04 1.83247486e-03 1.59121588e-03
 2.04767737e-04 0.00000000e+00]
--------------------------------------------------------------------------------------
Solution ID:  75
Fitness:[0.8326913  0.08866333]
Position:[8.32691299e-01 1.08947609e-04 3.29553413e-04 8.42284662e-04
 0.00000000e+00 8.66533609e-05 8.26067396e-05 2.81256827e-03
 1.18950609e-04 4.58105137e-04 0.00000000e+00 1.78896684e-04
 7.14858539e-06 0.00000000e+00 0.00000000e+00 7.37630580e-05
 5.80244753e-05 0.00000000e+00 5.99671621e-05 7.96490584e-05
 4.05367511e-04 3.27876003e-04 0.00000000e+00 0.00000000e+00
 5.87835024e-05 3.78489554e-04 0.00000000e+00 0.00000000e+00
 9.58745293e-05 4.41061615e-04]
--------------------------------------------------------------------------------------
Solution ID:  76
Fitness:[0.84249584 0.08567866]
Position:[8.42495837e-01 0.00000000e+00 0.00000000e+00 0.00000000e+00
 2.38217067e-04 1.35537924e-05 9.04632079e-05 6.55338125e-03
 3.08938859e-04 0.00000000e+00 6.59075005e-05 6.82345658e-04
 1.82856210e-03 3.85697603e-04 8.00558448e-04 5.12138325e-05
 8.69925705e-05 1.53964327e-04 3.89578397e-04 1.46381811e-04
 0.00000000e+00 6.39095718e-03 1.57714310e-04 3.40931281e-04
 2.67161604e-04 6.87493786e-04 1.49832686e-03 0.00000000e+00
 0.00000000e+00 0.00000000e+00]
--------------------------------------------------------------------------------------
Solution ID:  77
Fitness:[0.32261185 0.43256422]
Position:[3.22611849e-01 0.00000000e+00 1.61464107e-06 4.81212999e-06
 4.45852243e-06 0.00000000e+00 0.00000000e+00 3.95455456e-04
 1.09589143e-05 0.00000000e+00 0.00000000e+00 0.00000000e+00
 4.86805548e-05 3.46712269e-05 0.00000000e+00 0.00000000e+00
 0.00000000e+00 9.22018783e-05 5.36400653e-05 0.00000000e+00
 0.00000000e+00 0.00000000e+00 0.00000000e+00 2.10199129e-05
 2.79334197e-05 3.38409414e-04 1.92104045e-04 1.24542075e-03
 1.13029007e-05 8.15617681e-06]
--------------------------------------------------------------------------------------
Solution ID:  78
Fitness:[0.34269219 0.43089692]
Position:[0.34269219 0.00136555 0.00552726 0.00572704 0.00541336 0.00093725
 0.00040093 0.00617652 0.00089921 0.00192982 0.00036291 0.00075975
 0.00324957 0.00150443 0.00240828 0.00049797 0.00079701 0.00527038
 0.00159865 0.00056292 0.00078818 0.01010284 0.00104181 0.00086784
 0.00072911 0.00245305 0.00351627 0.00258359 0.00091679 0.00567708]
--------------------------------------------------------------------------------------
Solution ID:  79
Fitness:[0.31572327 0.43960819]
Position:[3.15723266e-01 3.06252056e-05 6.18081284e-04 7.17774662e-04
 8.14979081e-05 0.00000000e+00 6.91876592e-05 0.00000000e+00
 6.92599516e-05 5.10613813e-04 0.00000000e+00 0.00000000e+00
 5.35421989e-04 0.00000000e+00 0.00000000e+00 0.00000000e+00
 0.00000000e+00 7.46056857e-05 3.86508750e-05 2.63777535e-05
 2.36278452e-04 0.00000000e+00 1.71930303e-05 4.88517003e-05
 3.68701650e-05 3.32681531e-04 6.66826903e-04 2.23687253e-03
 1.94651377e-04 1.81533045e-04]
--------------------------------------------------------------------------------------
Solution ID:  80
Fitness:[0.67127157 0.18342862]
Position:[6.71271569e-01 2.34927184e-05 0.00000000e+00 0.00000000e+00
 0.00000000e+00 1.03650910e-04 2.73329997e-04 7.42385322e-03
 1.19388427e-04 9.19689977e-04 9.43114676e-05 0.00000000e+00
 0.00000000e+00 0.00000000e+00 0.00000000e+00 0.00000000e+00
 1.01832746e-03 0.00000000e+00 2.00399204e-04 3.92145535e-05
 0.00000000e+00 1.40799794e-03 0.00000000e+00 5.19678576e-05
 3.66078336e-06 3.42073286e-04 0.00000000e+00 2.92359505e-03
 0.00000000e+00 0.00000000e+00]
--------------------------------------------------------------------------------------
Solution ID:  81
Fitness:[0.6515844  0.19397938]
Position:[6.51584397e-01 2.73739526e-06 4.98590161e-04 5.63693322e-04
 8.63062713e-06 1.04114822e-05 5.20800514e-05 1.21892156e-03
 1.57994025e-06 2.52723107e-04 2.26208726e-05 7.72819717e-04
 2.21236084e-05 8.05065203e-06 4.45226927e-04 3.66408838e-05
 6.59017232e-06 2.10366670e-04 7.38208361e-07 1.66432485e-05
 3.87826852e-04 0.00000000e+00 2.08485196e-06 2.21518271e-06
 1.63655847e-05 3.19042320e-06 1.55042052e-03 0.00000000e+00
 2.04021341e-04 9.45464647e-05]
--------------------------------------------------------------------------------------
Solution ID:  82
Fitness:[0.69098492 0.16963367]
Position:[6.90984916e-01 1.68035307e-04 0.00000000e+00 0.00000000e+00
 1.84203346e-04 1.95958364e-04 0.00000000e+00 0.00000000e+00
 1.70863177e-04 6.14022045e-04 4.39238108e-05 3.99233635e-04
 0.00000000e+00 2.45115215e-04 0.00000000e+00 6.02826852e-05
 1.08432948e-04 4.00857469e-05 7.43128919e-05 2.95866030e-05
 0.00000000e+00 1.42286148e-03 1.09040389e-04 1.05658524e-04
 6.55159668e-05 5.62015506e-04 0.00000000e+00 0.00000000e+00
 0.00000000e+00 2.99761556e-04]
--------------------------------------------------------------------------------------
Solution ID:  83
Fitness:[0.69613831 0.16664534]
Position:[6.96138308e-01 0.00000000e+00 6.88864178e-04 1.15185654e-03
 0.00000000e+00 2.80577331e-05 7.12553899e-06 0.00000000e+00
 0.00000000e+00 0.00000000e+00 0.00000000e+00 0.00000000e+00
 0.00000000e+00 0.00000000e+00 9.16276853e-05 0.00000000e+00
 0.00000000e+00 3.42793632e-05 0.00000000e+00 0.00000000e+00
 4.93179835e-04 0.00000000e+00 0.00000000e+00 0.00000000e+00
 0.00000000e+00 0.00000000e+00 1.05561250e-03 1.73052009e-03
 2.14725947e-04 0.00000000e+00]
--------------------------------------------------------------------------------------
Solution ID:  84
Fitness:[0.66983224 0.1853919 ]
Position:[6.69832245e-01 6.26730409e-04 9.54906820e-04 1.64664478e-03
 8.93249083e-04 1.35137755e-04 2.17056051e-05 0.00000000e+00
 4.37475192e-04 7.16429206e-04 6.79635659e-05 4.70718950e-05
 1.09305388e-03 5.26287490e-04 2.67276129e-03 2.46579590e-04
 7.21009722e-04 1.28712799e-04 1.17511759e-04 3.27572712e-04
 5.53887081e-04 4.84466258e-03 1.81856111e-04 3.12450081e-04
 5.85774653e-05 9.01704183e-04 1.34492540e-03 0.00000000e+00
 3.15421690e-04 9.42940290e-04]
--------------------------------------------------------------------------------------
Solution ID:  85
Fitness:[0.66295901 0.18758242]
Position:[6.62959006e-01 0.00000000e+00 3.56945612e-04 6.64611514e-04
 0.00000000e+00 0.00000000e+00 2.19768980e-04 4.67747723e-03
 3.81451544e-05 4.91026624e-04 1.40396136e-04 0.00000000e+00
 0.00000000e+00 0.00000000e+00 1.55645745e-03 1.24040736e-04
 6.25830496e-05 1.63873653e-04 3.51561767e-05 6.69302908e-05
 2.82516730e-04 0.00000000e+00 0.00000000e+00 0.00000000e+00
 6.45582274e-05 1.65243335e-04 0.00000000e+00 0.00000000e+00
 1.85738395e-04 5.11199093e-04]
--------------------------------------------------------------------------------------
Solution ID:  86
Fitness:[0.86838082 0.06984335]
Position:[8.68380823e-01 0.00000000e+00 9.22129748e-04 1.30750154e-03
 0.00000000e+00 0.00000000e+00 0.00000000e+00 0.00000000e+00
 0.00000000e+00 0.00000000e+00 8.45891178e-06 0.00000000e+00
 7.67217949e-04 0.00000000e+00 0.00000000e+00 0.00000000e+00
 0.00000000e+00 4.88161269e-05 0.00000000e+00 0.00000000e+00
 6.33163734e-04 0.00000000e+00 0.00000000e+00 0.00000000e+00
 0.00000000e+00 0.00000000e+00 9.55856824e-04 5.23002093e-03
 4.54119092e-04 0.00000000e+00]
--------------------------------------------------------------------------------------
Solution ID:  87
Fitness:[0.85631883 0.07659588]
Position:[8.56318834e-01 2.16875017e-07 1.15606892e-03 1.57085677e-03
 6.29988538e-05 5.99261156e-05 6.98881849e-05 0.00000000e+00
 0.00000000e+00 0.00000000e+00 0.00000000e+00 2.88864601e-04
 0.00000000e+00 0.00000000e+00 5.41471078e-04 0.00000000e+00
 0.00000000e+00 3.04937751e-04 0.00000000e+00 0.00000000e+00
 6.27267500e-04 3.13178717e-04 0.00000000e+00 0.00000000e+00
 0.00000000e+00 0.00000000e+00 2.62739443e-03 3.69607005e-03
 3.48588926e-04 1.41986790e-04]
--------------------------------------------------------------------------------------
Solution ID:  88
Fitness:[0.96111908 0.02231106]
Position:[9.61119079e-01 4.13667878e-04 1.73429317e-04 2.15210213e-04
 8.18695247e-04 2.27926630e-04 8.99454156e-05 1.94437735e-03
 1.67622015e-04 8.28429286e-05 3.01625759e-06 3.97977622e-03
 1.00621024e-03 4.52378598e-04 2.09185177e-04 1.85079300e-04
 2.55034835e-05 3.79377775e-04 2.00570922e-04 1.52351040e-04
 1.48845531e-04 1.00816875e-03 2.48725366e-04 3.20073539e-04
 3.33381641e-04 4.92444227e-04 3.16563281e-03 1.72977983e-04
 8.67508021e-05 1.99667316e-04]
--------------------------------------------------------------------------------------
Solution ID:  89
Fitness:[0.99129361 0.00897859]
Position:[9.91293607e-01 3.58403614e-04 6.07420190e-04 8.42833371e-04
 9.24972487e-04 5.01366641e-05 2.07534044e-04 4.78371378e-03
 0.00000000e+00 3.71468890e-04 4.28484057e-04 2.74334640e-03
 0.00000000e+00 5.56028750e-04 2.46411236e-03 7.81847313e-05
 0.00000000e+00 6.37019619e-04 1.45085575e-05 1.77214079e-04
 4.36614409e-04 4.56523164e-04 2.99731162e-04 3.30266165e-04
 2.11721391e-04 0.00000000e+00 3.87201373e-03 8.36285608e-03
 2.02241260e-04 1.33361006e-04]
--------------------------------------------------------------------------------------
Solution ID:  90
Fitness:[0.97496824 0.01443   ]
Position:[9.74968240e-01 0.00000000e+00 0.00000000e+00 0.00000000e+00
 1.55732080e-04 0.00000000e+00 5.05058655e-05 4.04478533e-03
 1.68573129e-04 0.00000000e+00 4.14278679e-05 0.00000000e+00
 1.10570244e-03 2.25174966e-04 5.10625086e-04 2.74703755e-05
 4.69571524e-05 4.47865627e-05 2.16780145e-04 8.15861365e-05
 0.00000000e+00 3.81873900e-03 8.36451036e-05 1.80815757e-04
 1.44518872e-04 3.91404472e-04 3.27676999e-04 0.00000000e+00
 0.00000000e+00 0.00000000e+00]
--------------------------------------------------------------------------------------
Solution ID:  91
Fitness:[0.9431356  0.03105042]
Position:[9.43135601e-01 5.45103168e-05 5.36683232e-04 6.66971523e-04
 1.19998318e-04 4.59505895e-05 8.79381405e-05 9.91387005e-04
 1.77825776e-04 1.30465668e-04 1.03200118e-04 2.93511698e-04
 1.24955244e-03 1.77721767e-04 4.33633811e-04 3.16880043e-05
 2.33021522e-04 2.87762522e-04 2.60356737e-04 9.06155519e-05
 3.40854226e-04 4.16381310e-03 7.48568847e-05 1.40913550e-04
 7.33439821e-05 1.19247629e-04 1.63184305e-03 9.05665213e-04
 2.43458081e-04 1.12803752e-04]
--------------------------------------------------------------------------------------
Solution ID:  92
Fitness:[0.93331927 0.03673649]
Position:[9.33319269e-01 1.48292138e-04 5.14250094e-04 6.15705221e-04
 2.38925059e-04 5.17094254e-05 1.00438718e-04 1.89475655e-03
 2.23373948e-04 4.44294026e-04 1.24159242e-04 3.26168808e-04
 1.51326685e-03 4.67209802e-04 7.37049879e-04 2.71965505e-05
 2.88231505e-04 2.06450137e-04 3.49229592e-04 1.02813592e-04
 3.16264803e-04 5.11362920e-03 1.05916048e-04 2.18598178e-04
 9.85703895e-05 2.63615607e-04 1.75688620e-03 9.16724232e-04
 2.27729590e-04 1.69648032e-04]
--------------------------------------------------------------------------------------
Solution ID:  93
Fitness:[0.91761502 0.04798798]
Position:[9.17615017e-01 1.22829543e-04 1.37375150e-03 2.05882925e-03
 1.18010963e-04 1.00390870e-04 2.36243398e-04 6.00562834e-03
 6.17093660e-05 3.49288850e-04 1.63112067e-04 5.96708077e-03
 2.07946908e-06 0.00000000e+00 1.92289891e-03 1.75443746e-04
 9.36647050e-05 1.06793979e-03 5.98252115e-05 4.68864663e-05
 8.62989479e-04 1.54331857e-03 1.37811184e-05 1.19525671e-05
 4.72162995e-05 1.32193867e-04 6.11709007e-03 6.97414798e-03
 5.50066035e-04 2.77509653e-04]
--------------------------------------------------------------------------------------
Solution ID:  94
Fitness:[0.90762629 0.05182762]
Position:[9.07626288e-01 5.49990480e-05 0.00000000e+00 0.00000000e+00
 2.58908350e-04 7.29972083e-05 1.98165089e-04 8.04326027e-03
 3.96261366e-04 1.30097833e-04 8.39922691e-05 1.42408319e-03
 2.26394616e-03 5.82144757e-04 1.07451824e-03 4.74550010e-04
 2.25147497e-04 2.34283413e-04 5.79767559e-04 1.92793125e-04
 0.00000000e+00 7.26311119e-03 2.02780716e-04 5.02965946e-04
 4.17632117e-04 1.16327522e-03 1.88815476e-03 0.00000000e+00
 0.00000000e+00 4.24801578e-05]
--------------------------------------------------------------------------------------
Solution ID:  95
Fitness:[0.91997127 0.04145563]
Position:[9.19971272e-01 2.31280603e-05 1.85530959e-04 2.93958783e-04
 3.38050766e-05 2.12719064e-05 2.13737114e-05 6.72397687e-04
 1.74157971e-05 8.11654627e-05 1.13711561e-05 2.14091172e-04
 1.26507223e-04 3.21166318e-05 1.32694866e-04 9.52712556e-06
 9.28705861e-06 6.52686655e-05 1.63434969e-05 1.67741641e-05
 1.06739741e-04 3.46172204e-04 1.21169781e-05 1.79174829e-05
 1.05984617e-05 3.14481283e-05 4.24091170e-04 7.02128074e-04
 6.54455134e-05 5.63000974e-05]
--------------------------------------------------------------------------------------
Solution ID:  96
Fitness:[0.94622395 0.02725957]
Position:[0.94622395 0.         0.         0.         0.         0.
 0.         0.         0.         0.         0.         0.
 0.         0.         0.         0.         0.         0.
 0.         0.         0.         0.         0.         0.
 0.         0.         0.         0.         0.         0.        ]
--------------------------------------------------------------------------------------
Solution ID:  97
Fitness:[0.92384511 0.04095711]
Position:[9.23845115e-01 4.01409827e-04 5.35117118e-04 3.81620843e-04
 9.59962426e-04 2.31058834e-04 4.95643199e-05 1.31749545e-03
 1.07822340e-04 0.00000000e+00 0.00000000e+00 2.69713028e-03
 6.91844646e-04 3.66361069e-04 1.43866870e-04 2.05369100e-04
 0.00000000e+00 5.20193565e-05 1.69012153e-04 1.32387740e-04
 1.69776922e-04 0.00000000e+00 2.38932229e-04 2.37525985e-04
 2.93567241e-04 4.22814496e-04 2.82605568e-03 1.75990937e-04
 5.03086130e-05 3.17620344e-04]
--------------------------------------------------------------------------------------
Solution ID:  98
Fitness:[1. 0.]
Position:[1. 0. 0. 0. 0. 0. 0. 0. 0. 0. 0. 0. 0. 0. 0. 0. 0. 0. 0. 0. 0. 0. 0. 0.
 0. 0. 0. 0. 0. 0.]
--------------------------------------------------------------------------------------
Solution ID:  99
Fitness:[0. 1.]
Position:[0. 0. 0. 0. 0. 0. 0. 0. 0. 0. 0. 0. 0. 0. 0. 0. 0. 0. 0. 0. 0. 0. 0. 0.
 0. 0. 0. 0. 0. 0.]
--------------------------------------------------------------------------------------
