1.0 0.34762655572588047
1.0 0.34762655572588047
1.0 0.34762655572588047
1.0 0.34762655572588047
1.0 0.34762655572588047
1.0 0.34762655572588047
1.0 0.34762655572588047
1.0 0.34762655572588047
1.0 0.34762655572588047
1.0 0.34762655572588047
1.0 0.34762655572588047
1.0 0.34762655572588047
1.0 0.34762655572588047
1.0 0.34762655572588047
1.0 0.34762655572588047
1.0 0.34762655572588047
1.0 0.34762655572588047
1.0 0.34762655572588047
1.0 0.34762655572588047
1.0 0.34762655572588047
1.0 0.34762655572588047
1.0 0.34762655572588047
1.0 0.34762655572588047
1.0 0.34762655572588047
1.0 0.34762655572588047
1.0 0.34762655572588047
1.0 0.34762655572588047
1.0 0.34762655572588047
1.0 0.34762655572588047
1.0 0.34762655572588047
1.0 0.34762655572588047
1.0 0.34762655572588047
1.0 0.34762655572588047
1.0 0.34762655572588047
1.0 0.34762655572588047
1.0 0.34762655572588047
1.0 0.34762655572588047
1.0 0.34762655572588047
1.0 0.34762655572588047
1.0 0.34762655572588047
1.0 0.34762655572588047
1.0 0.34762655572588047
1.0 0.34762655572588047
1.0 0.34762655572588047
1.0 0.34762655572588047
1.0 0.34762655572588047
1.0 0.34762655572588047
1.0 0.34762655572588047
1.0 0.34762655572588047
1.0 0.34762655572588047
1.0 0.34762655572588047
1.0 0.34762655572588047
1.0 0.34762655572588047
1.0 0.34762655572588047
1.0 0.34762655572588047
1.0 0.34762655572588047
1.0 0.34762655572588047
1.0 0.34762655572588047
1.0 0.34762655572588047
1.0 0.34762655572588047
1.0 0.34762655572588047
1.0 0.34762655572588047
1.0 0.34762655572588047
1.0 0.34762655572588047
1.0 0.34762655572588047
1.0 0.34762655572588047
1.0 0.34762655572588047
1.0 0.34762655572588047
1.0 0.34762655572588047
1.0 0.34762655572588047
1.0 0.34762655572588047
1.0 0.34762655572588047
1.0 0.34762655572588047
1.0 0.34762655572588047
1.0 0.34762655572588047
1.0 0.34762655572588047
1.0 0.34762655572588047
1.0 0.34762655572588047
1.0 0.34762655572588047
1.0 0.34762655572588047
1.0 0.34762655572588047
1.0 0.34762655572588047
1.0 0.34762655572588047
1.0 0.34762655572588047
1.0 0.34762655572588047
1.0 0.34762655572588047
1.0 0.34762655572588047
1.0 0.34762655572588047
1.0 0.34762655572588047
1.0 0.34762655572588047
1.0 0.34762655572588047
1.0 0.34762655572588047
1.0 0.34762655572588047
1.0 0.34762655572588047
0.7304343667907677 0.5326605094046132
0.717965862938354 0.541986801356255
0.7994349158260134 0.48242962422041313
0.7441640766234447 0.522482470377783
0.7366423501610455 0.5280466958906997
0.7378278416178576 0.5271678445951158
0.7354690350887384 0.528917216947325
0.7468124818858362 0.520530001419373
0.7087091263144817 0.5489632210745327
0.7832977441392774 0.4939764925412075
0.8055628788928286 0.4780753613652186
0.8046747070802975 0.47870542868593086
0.8416690224117336 0.45274946933164256
0.8948379415640795 0.4164244871347924
0.8849827900077432 0.4230743359771515
0.8239912088195501 0.4650798472844497
0.8572492868397203 0.4419890778055135
0.8130345683629345 0.47278865149510324
0.8097373620321859 0.4751186333443634
0.8128430503529682 0.4729238589466136
0.8769883760670437 0.4284958836745452
0.8816911713488937 0.42530362527997756
0.8233315750944273 0.46554249288859995
0.891353981244376 0.41877111529564404
0.0 1.6206896551724137
0.0 1.6206896551724137
0.0 1.6206896551724137
0.0 1.6206896551724137
0.0 1.6206896551724137
0.0 1.6206896551724137
0.0 1.6206896551724137
0.0 1.6206896551724137
0.03785855798002302 1.3729862573798757
0.0 1.6206896551724137
0.0 1.6206896551724137
0.0 1.6206896551724137
0.0 1.6206896551724137
0.0 1.6206896551724137
0.0 1.6206896551724137
0.0 1.6206896551724137
0.09885416793564816 1.2204248336554815
0.0 1.6206896551724137
0.0 1.6206896551724137
0.04274511724461649 1.3574852301953972
0.0 1.6206896551724137
0.0 1.6206896551724137
0.0 1.6206896551724137
0.0 1.6206896551724137
0.0 1.6206896551724137
0.0 1.6206896551724137
0.0 1.6206896551724137
0.0 1.6206896551724137
0.0 1.6206896551724137
0.0 1.6206896551724137
0.0 1.6206896551724137
0.0 1.6206896551724137
0.0 1.6206896551724137
0.0 1.6206896551724137
0.022827430464698484 1.428345743367791
0.0 1.6206896551724137
0.0 1.6206896551724137
0.0 1.6206896551724137
0.0 1.6206896551724137
0.0 1.6206896551724137
0.0 1.6206896551724137
0.0 1.6206896551724137
0.0819936558859243 1.2561539643490265
0.08432255722283089 1.2510131801449569
0.0 1.6206896551724137
0.0 1.6206896551724137
0.0 1.6206896551724137
0.0 1.6206896551724137
0.0 1.6206896551724137
0.0 1.6206896551724137
0.0 1.6206896551724137
0.0 1.6206896551724137
0.0 1.6206896551724137
0.0 1.6206896551724137
0.0 1.6206896551724137
0.0 1.6206896551724137
0.0 1.6206896551724137
0.0 1.6206896551724137
0.0 1.6206896551724137
0.0 1.6206896551724137
0.0 1.6206896551724137
0.0 1.6206896551724137
0.0 1.6206896551724137
0.0 1.6206896551724137
0.0 1.6206896551724137
0.0 1.6206896551724137
0.0 1.6206896551724137
0.0 1.6206896551724137
0.0 1.6206896551724137
0.0 1.6206896551724137
0.0 1.6206896551724137
0.0 1.6206896551724137
0.0 1.6206896551724137
0.0 1.6206896551724137
0.005296974678118432 1.528035718048637
0.0 1.6206896551724137
0.0 1.6206896551724137
0.0 1.6206896551724137
0.03712108805919562 1.3754107049824666
0.0 1.6206896551724137
0.0 1.6206896551724137
0.0 1.6206896551724137
0.0 1.6206896551724137
0.0 1.6206896551724137
0.0 1.6206896551724137
0.0 1.6206896551724137
0.0 1.6206896551724137
0.045266213783872744 1.3498345566264467
0.0 1.6206896551724137
0.0 1.6206896551724137
0.0 1.6206896551724137
0.0 1.6206896551724137
0.0 1.6206896551724137
0.4974380572568401 0.7228073057049439
0.4408822595149984 0.7753889293091283
0.45339320986308285 0.7634792463750674
0.49517492706758565 0.7248521242555679
0.4422906335506541 0.7740398725732578
0.4804501843251004 0.7382721555944818
0.415623441070722 0.7999603384117168
0.4581917185928245 0.7589550217677556
0.49529795329339477 0.724740845735918
0.4101966538227935 0.8053360671892975
0.49234012458035964 0.7274200728325212
0.45745537197820396 0.7596477345505872
0.49404454668851977 0.7258752129485364
0.4396269272353481 0.7765932074215871
0.47875523109193396 0.7398300463865551
0.10256475384519767 1.2129818731247604
0.11664826512805804 1.1858901190792244
0.12009659490863367 1.1795102030332025
0.2757438127349925 0.9521874900469732
0.2012719116693209 1.0495510510496981
0.27160869028979784 0.9572189364458046
0.2463628710108685 0.9888053647632515
0.2769982728177742 0.9506685844168794
0.2239038796746073 1.0182955138151086
0.259489077930653 0.9721904152095301
0.26036546247477754 0.9710962349493844
0.22026842247720624 1.0232059703157015
0.29500499835646155 0.9292335473387551
0.6403789631503161 0.6019376927361426
0.6560552130142023 0.5895437406898649
0.6351970709652651 0.6060678921940993
0.6043406233007673 0.6310187015802603
0.6389905136562727 0.6030427049799473
0.9845514189870745 0.3574983395999576
0.9737374122780267 0.3644547444437898
0.9223531305063839 0.3980498157153527
0.9688188190949355 0.36763154086026584
0.9710359905005985 0.36619852941487435
0.9808291285437029 0.3598884725418799
0.9584944148065628 0.3743261517683976
0.9883734042213272 0.3550488879445847
0.9807036776880866 0.3599691051619749
0.18793724155756703 1.0687947890846887
0.19008953489567848 1.0656435825244202
0.19985874019186345 1.0515596236991622
0.13133031812638563 1.1593376333951864
0.18982479516854955 1.0660302264912718
0.14554600793713612 1.1350098126677464
0.16545181350587734 1.102861457235597
0.18388501777509614 1.0747770742134348
0.18411438984592154 1.0744367037006015
0.16594604596644663 1.1020886138944523
0.66641686309998 0.581432749465943
0.6970056247423899 0.5578492129530856
0.6845576681732455 0.5673827050494551
0.68065200639024 0.5703917614636765
0.6922765136494323 0.5614609809993344
0.3263992754575198 0.8933713416467791
0.3194933106478639 0.9011067874887958
0.3330971416153637 0.8859467807030382
0.3679366916779644 0.8484777736522969
0.3593007280862734 0.8575940038249961
0.35793383554289165 0.859046914446456
0.39898574424048133 0.816555295595723
0.33759173544187504 0.8810063220477926
0.3962769939335742 0.81928961483615
0.39008838645279575 0.8431326391417149
0.3480284242081826 0.8696596512310545
0.33317221308718376 0.8858639893568424
0.5656280746850995 0.6632411869417574
0.5009179707060024 0.7196721341367924
0.572393412116625 0.6575323047325937
0.5773384950497672 0.6533807456404238
0.5992431203090942 0.6352013873486981
0.5260172060447352 0.6973746253589711
