Solution ID:  0
Fitness:[1.0, 0.34762655572588047]
Position:[1. 0. 0. 0. 0. 0. 0. 0. 0. 0. 0. 0. 0. 0. 0. 0. 0. 0. 0. 0. 0. 0. 0. 0.
 0. 0. 1. 0. 1. 0.]
--------------------------------------------------------------------------------------
Solution ID:  1
Fitness:[1.0, 0.34762655572588047]
Position:[1. 0. 0. 0. 0. 0. 0. 0. 0. 0. 0. 0. 0. 0. 0. 0. 0. 0. 0. 0. 0. 0. 0. 0.
 0. 0. 1. 0. 1. 0.]
--------------------------------------------------------------------------------------
Solution ID:  2
Fitness:[1.0, 0.34762655572588047]
Position:[1. 0. 0. 0. 0. 0. 0. 0. 0. 0. 0. 0. 0. 0. 0. 0. 0. 0. 0. 0. 0. 0. 0. 0.
 0. 0. 1. 0. 1. 0.]
--------------------------------------------------------------------------------------
Solution ID:  3
Fitness:[1.0, 0.34762655572588047]
Position:[1. 0. 0. 0. 0. 0. 0. 0. 0. 0. 0. 0. 0. 0. 0. 0. 0. 0. 0. 0. 0. 0. 0. 0.
 0. 0. 1. 0. 1. 0.]
--------------------------------------------------------------------------------------
Solution ID:  4
Fitness:[1.0, 0.34762655572588047]
Position:[1. 0. 0. 0. 0. 0. 0. 0. 0. 0. 0. 0. 0. 0. 0. 0. 0. 0. 0. 0. 0. 0. 0. 0.
 0. 0. 1. 0. 1. 0.]
--------------------------------------------------------------------------------------
Solution ID:  5
Fitness:[1.0, 0.34762655572588047]
Position:[1. 0. 0. 0. 0. 0. 0. 0. 0. 0. 0. 0. 0. 0. 0. 0. 0. 0. 0. 0. 0. 0. 0. 0.
 0. 0. 1. 0. 1. 0.]
--------------------------------------------------------------------------------------
Solution ID:  6
Fitness:[1.0, 0.34762655572588047]
Position:[1. 0. 0. 0. 0. 0. 0. 0. 0. 0. 0. 0. 0. 0. 0. 0. 0. 0. 0. 0. 0. 0. 0. 0.
 0. 0. 1. 0. 1. 0.]
--------------------------------------------------------------------------------------
Solution ID:  7
Fitness:[1.0, 0.34762655572588047]
Position:[1. 0. 0. 0. 0. 0. 0. 0. 0. 0. 0. 0. 0. 0. 0. 0. 0. 0. 0. 0. 0. 0. 0. 0.
 0. 0. 1. 0. 1. 0.]
--------------------------------------------------------------------------------------
Solution ID:  8
Fitness:[1.0, 0.34762655572588047]
Position:[1. 0. 0. 0. 0. 0. 0. 0. 0. 0. 0. 0. 0. 0. 0. 0. 0. 0. 0. 0. 0. 0. 0. 0.
 0. 0. 1. 0. 1. 0.]
--------------------------------------------------------------------------------------
Solution ID:  9
Fitness:[1.0, 0.34762655572588047]
Position:[1. 0. 0. 0. 0. 0. 0. 0. 0. 0. 0. 0. 0. 0. 0. 0. 0. 0. 0. 0. 0. 0. 0. 0.
 0. 0. 1. 0. 1. 0.]
--------------------------------------------------------------------------------------
Solution ID:  10
Fitness:[1.0, 0.34762655572588047]
Position:[1. 0. 0. 0. 0. 0. 0. 0. 0. 0. 0. 0. 0. 0. 0. 0. 0. 0. 0. 0. 0. 0. 0. 0.
 0. 0. 1. 0. 1. 0.]
--------------------------------------------------------------------------------------
Solution ID:  11
Fitness:[1.0, 0.34762655572588047]
Position:[1. 0. 0. 0. 0. 0. 0. 0. 0. 0. 0. 0. 0. 0. 0. 0. 0. 0. 0. 0. 0. 0. 0. 0.
 0. 0. 1. 0. 1. 0.]
--------------------------------------------------------------------------------------
Solution ID:  12
Fitness:[1.0, 0.34762655572588047]
Position:[1. 0. 0. 0. 0. 0. 0. 0. 0. 0. 0. 0. 0. 0. 0. 0. 0. 0. 0. 0. 0. 0. 0. 0.
 0. 0. 1. 0. 1. 0.]
--------------------------------------------------------------------------------------
Solution ID:  13
Fitness:[1.0, 0.34762655572588047]
Position:[1. 0. 0. 0. 0. 0. 0. 0. 0. 0. 0. 0. 0. 0. 0. 0. 0. 0. 0. 0. 0. 0. 0. 0.
 0. 0. 1. 0. 1. 0.]
--------------------------------------------------------------------------------------
Solution ID:  14
Fitness:[1.0, 0.34762655572588047]
Position:[1. 0. 0. 0. 0. 0. 0. 0. 0. 0. 0. 0. 0. 0. 0. 0. 0. 0. 0. 0. 0. 0. 0. 0.
 0. 0. 1. 0. 1. 0.]
--------------------------------------------------------------------------------------
Solution ID:  15
Fitness:[1.0, 0.34762655572588047]
Position:[1. 0. 0. 0. 0. 0. 0. 0. 0. 0. 0. 0. 0. 0. 0. 0. 0. 0. 0. 0. 0. 0. 0. 0.
 0. 0. 1. 0. 1. 0.]
--------------------------------------------------------------------------------------
Solution ID:  16
Fitness:[1.0, 0.34762655572588047]
Position:[1. 0. 0. 0. 0. 0. 0. 0. 0. 0. 0. 0. 0. 0. 0. 0. 0. 0. 0. 0. 0. 0. 0. 0.
 0. 0. 1. 0. 1. 0.]
--------------------------------------------------------------------------------------
Solution ID:  17
Fitness:[1.0, 0.34762655572588047]
Position:[1. 0. 0. 0. 0. 0. 0. 0. 0. 0. 0. 0. 0. 0. 0. 0. 0. 0. 0. 0. 0. 0. 0. 0.
 0. 0. 1. 0. 1. 0.]
--------------------------------------------------------------------------------------
Solution ID:  18
Fitness:[1.0, 0.34762655572588047]
Position:[1. 0. 0. 0. 0. 0. 0. 0. 0. 0. 0. 0. 0. 0. 0. 0. 0. 0. 0. 0. 0. 0. 0. 0.
 0. 0. 1. 0. 1. 0.]
--------------------------------------------------------------------------------------
Solution ID:  19
Fitness:[1.0, 0.34762655572588047]
Position:[1. 0. 0. 0. 0. 0. 0. 0. 0. 0. 0. 0. 0. 0. 0. 0. 0. 0. 0. 0. 0. 0. 0. 0.
 0. 0. 1. 0. 1. 0.]
--------------------------------------------------------------------------------------
Solution ID:  20
Fitness:[1.0, 0.34762655572588047]
Position:[1. 0. 0. 0. 0. 0. 0. 0. 0. 0. 0. 0. 0. 0. 0. 0. 0. 0. 0. 0. 0. 0. 0. 0.
 0. 0. 1. 0. 1. 0.]
--------------------------------------------------------------------------------------
Solution ID:  21
Fitness:[1.0, 0.34762655572588047]
Position:[1. 0. 0. 0. 0. 0. 0. 0. 0. 0. 0. 0. 0. 0. 0. 0. 0. 0. 0. 0. 0. 0. 0. 0.
 0. 0. 1. 0. 1. 0.]
--------------------------------------------------------------------------------------
Solution ID:  22
Fitness:[1.0, 0.34762655572588047]
Position:[1. 0. 0. 0. 0. 0. 0. 0. 0. 0. 0. 0. 0. 0. 0. 0. 0. 0. 0. 0. 0. 0. 0. 0.
 0. 0. 1. 0. 1. 0.]
--------------------------------------------------------------------------------------
Solution ID:  23
Fitness:[1.0, 0.34762655572588047]
Position:[1. 0. 0. 0. 0. 0. 0. 0. 0. 0. 0. 0. 0. 0. 0. 0. 0. 0. 0. 0. 0. 0. 0. 0.
 0. 0. 1. 0. 1. 0.]
--------------------------------------------------------------------------------------
Solution ID:  24
Fitness:[1.0, 0.34762655572588047]
Position:[1. 0. 0. 0. 0. 0. 0. 0. 0. 0. 0. 0. 0. 0. 0. 0. 0. 0. 0. 0. 0. 0. 0. 0.
 0. 0. 1. 0. 1. 0.]
--------------------------------------------------------------------------------------
Solution ID:  25
Fitness:[1.0, 0.34762655572588047]
Position:[1. 0. 0. 0. 0. 0. 0. 0. 0. 0. 0. 0. 0. 0. 0. 0. 0. 0. 0. 0. 0. 0. 0. 0.
 0. 0. 1. 0. 1. 0.]
--------------------------------------------------------------------------------------
Solution ID:  26
Fitness:[1.0, 0.34762655572588047]
Position:[1. 0. 0. 0. 0. 0. 0. 0. 0. 0. 0. 0. 0. 0. 0. 0. 0. 0. 0. 0. 0. 0. 0. 0.
 0. 0. 1. 0. 1. 0.]
--------------------------------------------------------------------------------------
Solution ID:  27
Fitness:[1.0, 0.34762655572588047]
Position:[1. 0. 0. 0. 0. 0. 0. 0. 0. 0. 0. 0. 0. 0. 0. 0. 0. 0. 0. 0. 0. 0. 0. 0.
 0. 0. 1. 0. 1. 0.]
--------------------------------------------------------------------------------------
Solution ID:  28
Fitness:[1.0, 0.34762655572588047]
Position:[1. 0. 0. 0. 0. 0. 0. 0. 0. 0. 0. 0. 0. 0. 0. 0. 0. 0. 0. 0. 0. 0. 0. 0.
 0. 0. 1. 0. 1. 0.]
--------------------------------------------------------------------------------------
Solution ID:  29
Fitness:[1.0, 0.34762655572588047]
Position:[1. 0. 0. 0. 0. 0. 0. 0. 0. 0. 0. 0. 0. 0. 0. 0. 0. 0. 0. 0. 0. 0. 0. 0.
 0. 0. 1. 0. 1. 0.]
--------------------------------------------------------------------------------------
Solution ID:  30
Fitness:[1.0, 0.34762655572588047]
Position:[1. 0. 0. 0. 0. 0. 0. 0. 0. 0. 0. 0. 0. 0. 0. 0. 0. 0. 0. 0. 0. 0. 0. 0.
 0. 0. 1. 0. 1. 0.]
--------------------------------------------------------------------------------------
Solution ID:  31
Fitness:[1.0, 0.34762655572588047]
Position:[1. 0. 0. 0. 0. 0. 0. 0. 0. 0. 0. 0. 0. 0. 0. 0. 0. 0. 0. 0. 0. 0. 0. 0.
 0. 0. 1. 0. 1. 0.]
--------------------------------------------------------------------------------------
Solution ID:  32
Fitness:[1.0, 0.34762655572588047]
Position:[1. 0. 0. 0. 0. 0. 0. 0. 0. 0. 0. 0. 0. 0. 0. 0. 0. 0. 0. 0. 0. 0. 0. 0.
 0. 0. 1. 0. 1. 0.]
--------------------------------------------------------------------------------------
Solution ID:  33
Fitness:[1.0, 0.34762655572588047]
Position:[1. 0. 0. 0. 0. 0. 0. 0. 0. 0. 0. 0. 0. 0. 0. 0. 0. 0. 0. 0. 0. 0. 0. 0.
 0. 0. 1. 0. 1. 0.]
--------------------------------------------------------------------------------------
Solution ID:  34
Fitness:[1.0, 0.34762655572588047]
Position:[1. 0. 0. 0. 0. 0. 0. 0. 0. 0. 0. 0. 0. 0. 0. 0. 0. 0. 0. 0. 0. 0. 0. 0.
 0. 0. 1. 0. 1. 0.]
--------------------------------------------------------------------------------------
Solution ID:  35
Fitness:[1.0, 0.34762655572588047]
Position:[1. 0. 0. 0. 0. 0. 0. 0. 0. 0. 0. 0. 0. 0. 0. 0. 0. 0. 0. 0. 0. 0. 0. 0.
 0. 0. 1. 0. 1. 0.]
--------------------------------------------------------------------------------------
Solution ID:  36
Fitness:[1.0, 0.34762655572588047]
Position:[1. 0. 0. 0. 0. 0. 0. 0. 0. 0. 0. 0. 0. 0. 0. 0. 0. 0. 0. 0. 0. 0. 0. 0.
 0. 0. 1. 0. 1. 0.]
--------------------------------------------------------------------------------------
Solution ID:  37
Fitness:[1.0, 0.34762655572588047]
Position:[1. 0. 0. 0. 0. 0. 0. 0. 0. 0. 0. 0. 0. 0. 0. 0. 0. 0. 0. 0. 0. 0. 0. 0.
 0. 0. 1. 0. 1. 0.]
--------------------------------------------------------------------------------------
Solution ID:  38
Fitness:[1.0, 0.34762655572588047]
Position:[1. 0. 0. 0. 0. 0. 0. 0. 0. 0. 0. 0. 0. 0. 0. 0. 0. 0. 0. 0. 0. 0. 0. 0.
 0. 0. 1. 0. 1. 0.]
--------------------------------------------------------------------------------------
Solution ID:  39
Fitness:[1.0, 0.34762655572588047]
Position:[1. 0. 0. 0. 0. 0. 0. 0. 0. 0. 0. 0. 0. 0. 0. 0. 0. 0. 0. 0. 0. 0. 0. 0.
 0. 0. 1. 0. 1. 0.]
--------------------------------------------------------------------------------------
Solution ID:  40
Fitness:[1.0, 0.34762655572588047]
Position:[1. 0. 0. 0. 0. 0. 0. 0. 0. 0. 0. 0. 0. 0. 0. 0. 0. 0. 0. 0. 0. 0. 0. 0.
 0. 0. 1. 0. 1. 0.]
--------------------------------------------------------------------------------------
Solution ID:  41
Fitness:[1.0, 0.34762655572588047]
Position:[1. 0. 0. 0. 0. 0. 0. 0. 0. 0. 0. 0. 0. 0. 0. 0. 0. 0. 0. 0. 0. 0. 0. 0.
 0. 0. 1. 0. 1. 0.]
--------------------------------------------------------------------------------------
Solution ID:  42
Fitness:[1.0, 0.34762655572588047]
Position:[1. 0. 0. 0. 0. 0. 0. 0. 0. 0. 0. 0. 0. 0. 0. 0. 0. 0. 0. 0. 0. 0. 0. 0.
 0. 0. 1. 0. 1. 0.]
--------------------------------------------------------------------------------------
Solution ID:  43
Fitness:[1.0, 0.34762655572588047]
Position:[1. 0. 0. 0. 0. 0. 0. 0. 0. 0. 0. 0. 0. 0. 0. 0. 0. 0. 0. 0. 0. 0. 0. 0.
 0. 0. 1. 0. 1. 0.]
--------------------------------------------------------------------------------------
Solution ID:  44
Fitness:[1.0, 0.34762655572588047]
Position:[1. 0. 0. 0. 0. 0. 0. 0. 0. 0. 0. 0. 0. 0. 0. 0. 0. 0. 0. 0. 0. 0. 0. 0.
 0. 0. 1. 0. 1. 0.]
--------------------------------------------------------------------------------------
Solution ID:  45
Fitness:[1.0, 0.34762655572588047]
Position:[1. 0. 0. 0. 0. 0. 0. 0. 0. 0. 0. 0. 0. 0. 0. 0. 0. 0. 0. 0. 0. 0. 0. 0.
 0. 0. 1. 0. 1. 0.]
--------------------------------------------------------------------------------------
Solution ID:  46
Fitness:[1.0, 0.34762655572588047]
Position:[1. 0. 0. 0. 0. 0. 0. 0. 0. 0. 0. 0. 0. 0. 0. 0. 0. 0. 0. 0. 0. 0. 0. 0.
 0. 0. 1. 0. 1. 0.]
--------------------------------------------------------------------------------------
Solution ID:  47
Fitness:[1.0, 0.34762655572588047]
Position:[1. 0. 0. 0. 0. 0. 0. 0. 0. 0. 0. 0. 0. 0. 0. 0. 0. 0. 0. 0. 0. 0. 0. 0.
 0. 0. 1. 0. 1. 0.]
--------------------------------------------------------------------------------------
Solution ID:  48
Fitness:[1.0, 0.34762655572588047]
Position:[1. 0. 0. 0. 0. 0. 0. 0. 0. 0. 0. 0. 0. 0. 0. 0. 0. 0. 0. 0. 0. 0. 0. 0.
 0. 0. 1. 0. 1. 0.]
--------------------------------------------------------------------------------------
Solution ID:  49
Fitness:[1.0, 0.34762655572588047]
Position:[1. 0. 0. 0. 0. 0. 0. 0. 0. 0. 0. 0. 0. 0. 0. 0. 0. 0. 0. 0. 0. 0. 0. 0.
 0. 0. 1. 0. 1. 0.]
--------------------------------------------------------------------------------------
Solution ID:  50
Fitness:[1.0, 0.34762655572588047]
Position:[1. 0. 0. 0. 0. 0. 0. 0. 0. 0. 0. 0. 0. 0. 0. 0. 0. 0. 0. 0. 0. 0. 0. 0.
 0. 0. 1. 0. 1. 0.]
--------------------------------------------------------------------------------------
Solution ID:  51
Fitness:[1.0, 0.34762655572588047]
Position:[1. 0. 0. 0. 0. 0. 0. 0. 0. 0. 0. 0. 0. 0. 0. 0. 0. 0. 0. 0. 0. 0. 0. 0.
 0. 0. 1. 0. 1. 0.]
--------------------------------------------------------------------------------------
Solution ID:  52
Fitness:[1.0, 0.34762655572588047]
Position:[1. 0. 0. 0. 0. 0. 0. 0. 0. 0. 0. 0. 0. 0. 0. 0. 0. 0. 0. 0. 0. 0. 0. 0.
 0. 0. 1. 0. 1. 0.]
--------------------------------------------------------------------------------------
Solution ID:  53
Fitness:[1.0, 0.34762655572588047]
Position:[1. 0. 0. 0. 0. 0. 0. 0. 0. 0. 0. 0. 0. 0. 0. 0. 0. 0. 0. 0. 0. 0. 0. 0.
 0. 0. 1. 0. 1. 0.]
--------------------------------------------------------------------------------------
Solution ID:  54
Fitness:[1.0, 0.34762655572588047]
Position:[1. 0. 0. 0. 0. 0. 0. 0. 0. 0. 0. 0. 0. 0. 0. 0. 0. 0. 0. 0. 0. 0. 0. 0.
 0. 0. 1. 0. 1. 0.]
--------------------------------------------------------------------------------------
Solution ID:  55
Fitness:[1.0, 0.34762655572588047]
Position:[1. 0. 0. 0. 0. 0. 0. 0. 0. 0. 0. 0. 0. 0. 0. 0. 0. 0. 0. 0. 0. 0. 0. 0.
 0. 0. 1. 0. 1. 0.]
--------------------------------------------------------------------------------------
Solution ID:  56
Fitness:[1.0, 0.34762655572588047]
Position:[1. 0. 0. 0. 0. 0. 0. 0. 0. 0. 0. 0. 0. 0. 0. 0. 0. 0. 0. 0. 0. 0. 0. 0.
 0. 0. 1. 0. 1. 0.]
--------------------------------------------------------------------------------------
Solution ID:  57
Fitness:[1.0, 0.34762655572588047]
Position:[1. 0. 0. 0. 0. 0. 0. 0. 0. 0. 0. 0. 0. 0. 0. 0. 0. 0. 0. 0. 0. 0. 0. 0.
 0. 0. 1. 0. 1. 0.]
--------------------------------------------------------------------------------------
Solution ID:  58
Fitness:[1.0, 0.34762655572588047]
Position:[1. 0. 0. 0. 0. 0. 0. 0. 0. 0. 0. 0. 0. 0. 0. 0. 0. 0. 0. 0. 0. 0. 0. 0.
 0. 0. 1. 0. 1. 0.]
--------------------------------------------------------------------------------------
Solution ID:  59
Fitness:[1.0, 0.34762655572588047]
Position:[1. 0. 0. 0. 0. 0. 0. 0. 0. 0. 0. 0. 0. 0. 0. 0. 0. 0. 0. 0. 0. 0. 0. 0.
 0. 0. 1. 0. 1. 0.]
--------------------------------------------------------------------------------------
Solution ID:  60
Fitness:[1.0, 0.34762655572588047]
Position:[1. 0. 0. 0. 0. 0. 0. 0. 0. 0. 0. 0. 0. 0. 0. 0. 0. 0. 0. 0. 0. 0. 0. 0.
 0. 0. 1. 0. 1. 0.]
--------------------------------------------------------------------------------------
Solution ID:  61
Fitness:[1.0, 0.34762655572588047]
Position:[1. 0. 0. 0. 0. 0. 0. 0. 0. 0. 0. 0. 0. 0. 0. 0. 0. 0. 0. 0. 0. 0. 0. 0.
 0. 0. 1. 0. 1. 0.]
--------------------------------------------------------------------------------------
Solution ID:  62
Fitness:[1.0, 0.34762655572588047]
Position:[1. 0. 0. 0. 0. 0. 0. 0. 0. 0. 0. 0. 0. 0. 0. 0. 0. 0. 0. 0. 0. 0. 0. 0.
 0. 0. 1. 0. 1. 0.]
--------------------------------------------------------------------------------------
Solution ID:  63
Fitness:[1.0, 0.34762655572588047]
Position:[1. 0. 0. 0. 0. 0. 0. 0. 0. 0. 0. 0. 0. 0. 0. 0. 0. 0. 0. 0. 0. 0. 0. 0.
 0. 0. 1. 0. 1. 0.]
--------------------------------------------------------------------------------------
Solution ID:  64
Fitness:[1.0, 0.34762655572588047]
Position:[1. 0. 0. 0. 0. 0. 0. 0. 0. 0. 0. 0. 0. 0. 0. 0. 0. 0. 0. 0. 0. 0. 0. 0.
 0. 0. 1. 0. 1. 0.]
--------------------------------------------------------------------------------------
Solution ID:  65
Fitness:[1.0, 0.34762655572588047]
Position:[1. 0. 0. 0. 0. 0. 0. 0. 0. 0. 0. 0. 0. 0. 0. 0. 0. 0. 0. 0. 0. 0. 0. 0.
 0. 0. 1. 0. 1. 0.]
--------------------------------------------------------------------------------------
Solution ID:  66
Fitness:[1.0, 0.34762655572588047]
Position:[1. 0. 0. 0. 0. 0. 0. 0. 0. 0. 0. 0. 0. 0. 0. 0. 0. 0. 0. 0. 0. 0. 0. 0.
 0. 0. 1. 0. 1. 0.]
--------------------------------------------------------------------------------------
Solution ID:  67
Fitness:[1.0, 0.34762655572588047]
Position:[1. 0. 0. 0. 0. 0. 0. 0. 0. 0. 0. 0. 0. 0. 0. 0. 0. 0. 0. 0. 0. 0. 0. 0.
 0. 0. 1. 0. 1. 0.]
--------------------------------------------------------------------------------------
Solution ID:  68
Fitness:[1.0, 0.34762655572588047]
Position:[1. 0. 0. 0. 0. 0. 0. 0. 0. 0. 0. 0. 0. 0. 0. 0. 0. 0. 0. 0. 0. 0. 0. 0.
 0. 0. 1. 0. 1. 0.]
--------------------------------------------------------------------------------------
Solution ID:  69
Fitness:[1.0, 0.34762655572588047]
Position:[1. 0. 0. 0. 0. 0. 0. 0. 0. 0. 0. 0. 0. 0. 0. 0. 0. 0. 0. 0. 0. 0. 0. 0.
 0. 0. 1. 0. 1. 0.]
--------------------------------------------------------------------------------------
Solution ID:  70
Fitness:[1.0, 0.34762655572588047]
Position:[1. 0. 0. 0. 0. 0. 0. 0. 0. 0. 0. 0. 0. 0. 0. 0. 0. 0. 0. 0. 0. 0. 0. 0.
 0. 0. 1. 0. 1. 0.]
--------------------------------------------------------------------------------------
Solution ID:  71
Fitness:[1.0, 0.34762655572588047]
Position:[1. 0. 0. 0. 0. 0. 0. 0. 0. 0. 0. 0. 0. 0. 0. 0. 0. 0. 0. 0. 0. 0. 0. 0.
 0. 0. 1. 0. 1. 0.]
--------------------------------------------------------------------------------------
Solution ID:  72
Fitness:[1.0, 0.34762655572588047]
Position:[1. 0. 0. 0. 0. 0. 0. 0. 0. 0. 0. 0. 0. 0. 0. 0. 0. 0. 0. 0. 0. 0. 0. 0.
 0. 0. 1. 0. 1. 0.]
--------------------------------------------------------------------------------------
Solution ID:  73
Fitness:[1.0, 0.34762655572588047]
Position:[1. 0. 0. 0. 0. 0. 0. 0. 0. 0. 0. 0. 0. 0. 0. 0. 0. 0. 0. 0. 0. 0. 0. 0.
 0. 0. 1. 0. 1. 0.]
--------------------------------------------------------------------------------------
Solution ID:  74
Fitness:[1.0, 0.34762655572588047]
Position:[1. 0. 0. 0. 0. 0. 0. 0. 0. 0. 0. 0. 0. 0. 0. 0. 0. 0. 0. 0. 0. 0. 0. 0.
 0. 0. 1. 0. 1. 0.]
--------------------------------------------------------------------------------------
Solution ID:  75
Fitness:[1.0, 0.34762655572588047]
Position:[1. 0. 0. 0. 0. 0. 0. 0. 0. 0. 0. 0. 0. 0. 0. 0. 0. 0. 0. 0. 0. 0. 0. 0.
 0. 0. 1. 0. 1. 0.]
--------------------------------------------------------------------------------------
Solution ID:  76
Fitness:[1.0, 0.34762655572588047]
Position:[1. 0. 0. 0. 0. 0. 0. 0. 0. 0. 0. 0. 0. 0. 0. 0. 0. 0. 0. 0. 0. 0. 0. 0.
 0. 0. 1. 0. 1. 0.]
--------------------------------------------------------------------------------------
Solution ID:  77
Fitness:[1.0, 0.34762655572588047]
Position:[1. 0. 0. 0. 0. 0. 0. 0. 0. 0. 0. 0. 0. 0. 0. 0. 0. 0. 0. 0. 0. 0. 0. 0.
 0. 0. 1. 0. 1. 0.]
--------------------------------------------------------------------------------------
Solution ID:  78
Fitness:[1.0, 0.34762655572588047]
Position:[1. 0. 0. 0. 0. 0. 0. 0. 0. 0. 0. 0. 0. 0. 0. 0. 0. 0. 0. 0. 0. 0. 0. 0.
 0. 0. 1. 0. 1. 0.]
--------------------------------------------------------------------------------------
Solution ID:  79
Fitness:[1.0, 0.34762655572588047]
Position:[1. 0. 0. 0. 0. 0. 0. 0. 0. 0. 0. 0. 0. 0. 0. 0. 0. 0. 0. 0. 0. 0. 0. 0.
 0. 0. 1. 0. 1. 0.]
--------------------------------------------------------------------------------------
Solution ID:  80
Fitness:[1.0, 0.34762655572588047]
Position:[1. 0. 0. 0. 0. 0. 0. 0. 0. 0. 0. 0. 0. 0. 0. 0. 0. 0. 0. 0. 0. 0. 0. 0.
 0. 0. 1. 0. 1. 0.]
--------------------------------------------------------------------------------------
Solution ID:  81
Fitness:[1.0, 0.34762655572588047]
Position:[1. 0. 0. 0. 0. 0. 0. 0. 0. 0. 0. 0. 0. 0. 0. 0. 0. 0. 0. 0. 0. 0. 0. 0.
 0. 0. 1. 0. 1. 0.]
--------------------------------------------------------------------------------------
Solution ID:  82
Fitness:[1.0, 0.34762655572588047]
Position:[1. 0. 0. 0. 0. 0. 0. 0. 0. 0. 0. 0. 0. 0. 0. 0. 0. 0. 0. 0. 0. 0. 0. 0.
 0. 0. 1. 0. 1. 0.]
--------------------------------------------------------------------------------------
Solution ID:  83
Fitness:[1.0, 0.34762655572588047]
Position:[1. 0. 0. 0. 0. 0. 0. 0. 0. 0. 0. 0. 0. 0. 0. 0. 0. 0. 0. 0. 0. 0. 0. 0.
 0. 0. 1. 0. 1. 0.]
--------------------------------------------------------------------------------------
Solution ID:  84
Fitness:[1.0, 0.34762655572588047]
Position:[1. 0. 0. 0. 0. 0. 0. 0. 0. 0. 0. 0. 0. 0. 0. 0. 0. 0. 0. 0. 0. 0. 0. 0.
 0. 0. 1. 0. 1. 0.]
--------------------------------------------------------------------------------------
Solution ID:  85
Fitness:[1.0, 0.34762655572588047]
Position:[1. 0. 0. 0. 0. 0. 0. 0. 0. 0. 0. 0. 0. 0. 0. 0. 0. 0. 0. 0. 0. 0. 0. 0.
 0. 0. 1. 0. 1. 0.]
--------------------------------------------------------------------------------------
Solution ID:  86
Fitness:[1.0, 0.34762655572588047]
Position:[1. 0. 0. 0. 0. 0. 0. 0. 0. 0. 0. 0. 0. 0. 0. 0. 0. 0. 0. 0. 0. 0. 0. 0.
 0. 0. 1. 0. 1. 0.]
--------------------------------------------------------------------------------------
Solution ID:  87
Fitness:[1.0, 0.34762655572588047]
Position:[1. 0. 0. 0. 0. 0. 0. 0. 0. 0. 0. 0. 0. 0. 0. 0. 0. 0. 0. 0. 0. 0. 0. 0.
 0. 0. 1. 0. 1. 0.]
--------------------------------------------------------------------------------------
Solution ID:  88
Fitness:[1.0, 0.34762655572588047]
Position:[1. 0. 0. 0. 0. 0. 0. 0. 0. 0. 0. 0. 0. 0. 0. 0. 0. 0. 0. 0. 0. 0. 0. 0.
 0. 0. 1. 0. 1. 0.]
--------------------------------------------------------------------------------------
Solution ID:  89
Fitness:[1.0, 0.34762655572588047]
Position:[1. 0. 0. 0. 0. 0. 0. 0. 0. 0. 0. 0. 0. 0. 0. 0. 0. 0. 0. 0. 0. 0. 0. 0.
 0. 0. 1. 0. 1. 0.]
--------------------------------------------------------------------------------------
Solution ID:  90
Fitness:[1.0, 0.34762655572588047]
Position:[1. 0. 0. 0. 0. 0. 0. 0. 0. 0. 0. 0. 0. 0. 0. 0. 0. 0. 0. 0. 0. 0. 0. 0.
 0. 0. 1. 0. 1. 0.]
--------------------------------------------------------------------------------------
Solution ID:  91
Fitness:[1.0, 0.34762655572588047]
Position:[1. 0. 0. 0. 0. 0. 0. 0. 0. 0. 0. 0. 0. 0. 0. 0. 0. 0. 0. 0. 0. 0. 0. 0.
 0. 0. 1. 0. 1. 0.]
--------------------------------------------------------------------------------------
Solution ID:  92
Fitness:[1.0, 0.34762655572588047]
Position:[1. 0. 0. 0. 0. 0. 0. 0. 0. 0. 0. 0. 0. 0. 0. 0. 0. 0. 0. 0. 0. 0. 0. 0.
 0. 0. 1. 0. 1. 0.]
--------------------------------------------------------------------------------------
Solution ID:  93
Fitness:[1.0, 0.34762655572588047]
Position:[1. 0. 0. 0. 0. 0. 0. 0. 0. 0. 0. 0. 0. 0. 0. 0. 0. 0. 0. 0. 0. 0. 0. 0.
 0. 0. 1. 0. 1. 0.]
--------------------------------------------------------------------------------------
Solution ID:  94
Fitness:[0.7304343667907677, 0.5326605094046132]
Position:[0.73043437 0.         0.         0.         0.         0.
 0.         0.         0.         0.         0.         0.
 0.         0.         0.         0.         0.         0.
 0.         0.         0.         0.         0.         0.
 0.         0.         1.         0.         1.         0.        ]
--------------------------------------------------------------------------------------
Solution ID:  95
Fitness:[0.717965862938354, 0.541986801356255]
Position:[0.71796586 0.         0.         0.         0.         0.
 0.         0.         0.         0.         0.         0.
 0.         0.         0.         0.         0.         0.
 0.         0.         0.         0.         0.         0.
 0.         0.         1.         0.         1.         0.        ]
--------------------------------------------------------------------------------------
Solution ID:  96
Fitness:[0.7994349158260134, 0.48242962422041313]
Position:[0.79943492 0.         0.         0.         0.         0.
 0.         0.         0.         0.         0.         0.
 0.         0.         0.         0.         0.         0.
 0.         0.         0.         0.         0.         0.
 0.         0.         1.         0.         1.         0.        ]
--------------------------------------------------------------------------------------
Solution ID:  97
Fitness:[0.7441640766234447, 0.522482470377783]
Position:[0.74416408 0.         0.         0.         0.         0.
 0.         0.         0.         0.         0.         0.
 0.         0.         0.         0.         0.         0.
 0.         0.         0.         0.         0.         0.
 0.         0.         1.         0.         1.         0.        ]
--------------------------------------------------------------------------------------
Solution ID:  98
Fitness:[0.7366423501610455, 0.5280466958906997]
Position:[0.73664235 0.         0.         0.         0.         0.
 0.         0.         0.         0.         0.         0.
 0.         0.         0.         0.         0.         0.
 0.         0.         0.         0.         0.         0.
 0.         0.         1.         0.         1.         0.        ]
--------------------------------------------------------------------------------------
Solution ID:  99
Fitness:[0.7378278416178576, 0.5271678445951158]
Position:[0.73782784 0.         0.         0.         0.         0.
 0.         0.         0.         0.         0.         0.
 0.         0.         0.         0.         0.         0.
 0.         0.         0.         0.         0.         0.
 0.         0.         1.         0.         1.         0.        ]
--------------------------------------------------------------------------------------
Solution ID:  100
Fitness:[0.7354690350887384, 0.528917216947325]
Position:[0.73546904 0.         0.         0.         0.         0.
 0.         0.         0.         0.         0.         0.
 0.         0.         0.         0.         0.         0.
 0.         0.         0.         0.         0.         0.
 0.         0.         1.         0.         1.         0.        ]
--------------------------------------------------------------------------------------
Solution ID:  101
Fitness:[0.7468124818858362, 0.520530001419373]
Position:[0.74681248 0.         0.         0.         0.         0.
 0.         0.         0.         0.         0.         0.
 0.         0.         0.         0.         0.         0.
 0.         0.         0.         0.         0.         0.
 0.         0.         1.         0.         1.         0.        ]
--------------------------------------------------------------------------------------
Solution ID:  102
Fitness:[0.7087091263144817, 0.5489632210745327]
Position:[0.70870913 0.         0.         0.         0.         0.
 0.         0.         0.         0.         0.         0.
 0.         0.         0.         0.         0.         0.
 0.         0.         0.         0.         0.         0.
 0.         0.         1.         0.         1.         0.        ]
--------------------------------------------------------------------------------------
Solution ID:  103
Fitness:[0.7832977441392774, 0.4939764925412075]
Position:[0.78329774 0.         0.         0.         0.         0.
 0.         0.         0.         0.         0.         0.
 0.         0.         0.         0.         0.         0.
 0.         0.         0.         0.         0.         0.
 0.         0.         1.         0.         1.         0.        ]
--------------------------------------------------------------------------------------
Solution ID:  104
Fitness:[0.8055628788928286, 0.4780753613652186]
Position:[0.80556288 0.         0.         0.         0.         0.
 0.         0.         0.         0.         0.         0.
 0.         0.         0.         0.         0.         0.
 0.         0.         0.         0.         0.         0.
 0.         0.         1.         0.         1.         0.        ]
--------------------------------------------------------------------------------------
Solution ID:  105
Fitness:[0.8046747070802975, 0.47870542868593086]
Position:[0.80467471 0.         0.         0.         0.         0.
 0.         0.         0.         0.         0.         0.
 0.         0.         0.         0.         0.         0.
 0.         0.         0.         0.         0.         0.
 0.         0.         1.         0.         1.         0.        ]
--------------------------------------------------------------------------------------
Solution ID:  106
Fitness:[0.8416690224117336, 0.45274946933164256]
Position:[0.84166902 0.         0.         0.         0.         0.
 0.         0.         0.         0.         0.         0.
 0.         0.         0.         0.         0.         0.
 0.         0.         0.         0.         0.         0.
 0.         0.         1.         0.         1.         0.        ]
--------------------------------------------------------------------------------------
Solution ID:  107
Fitness:[0.8948379415640795, 0.4164244871347924]
Position:[0.89483794 0.         0.         0.         0.         0.
 0.         0.         0.         0.         0.         0.
 0.         0.         0.         0.         0.         0.
 0.         0.         0.         0.         0.         0.
 0.         0.         1.         0.         1.         0.        ]
--------------------------------------------------------------------------------------
Solution ID:  108
Fitness:[0.8849827900077432, 0.4230743359771515]
Position:[0.88498279 0.         0.         0.         0.         0.
 0.         0.         0.         0.         0.         0.
 0.         0.         0.         0.         0.         0.
 0.         0.         0.         0.         0.         0.
 0.         0.         1.         0.         1.         0.        ]
--------------------------------------------------------------------------------------
Solution ID:  109
Fitness:[0.8239912088195501, 0.4650798472844497]
Position:[0.82399121 0.         0.         0.         0.         0.
 0.         0.         0.         0.         0.         0.
 0.         0.         0.         0.         0.         0.
 0.         0.         0.         0.         0.         0.
 0.         0.         1.         0.         1.         0.        ]
--------------------------------------------------------------------------------------
Solution ID:  110
Fitness:[0.8572492868397203, 0.4419890778055135]
Position:[0.85724929 0.         0.         0.         0.         0.
 0.         0.         0.         0.         0.         0.
 0.         0.         0.         0.         0.         0.
 0.         0.         0.         0.         0.         0.
 0.         0.         1.         0.         1.         0.        ]
--------------------------------------------------------------------------------------
Solution ID:  111
Fitness:[0.8130345683629345, 0.47278865149510324]
Position:[0.81303457 0.         0.         0.         0.         0.
 0.         0.         0.         0.         0.         0.
 0.         0.         0.         0.         0.         0.
 0.         0.         0.         0.         0.         0.
 0.         0.         1.         0.         1.         0.        ]
--------------------------------------------------------------------------------------
Solution ID:  112
Fitness:[0.8097373620321859, 0.4751186333443634]
Position:[0.80973736 0.         0.         0.         0.         0.
 0.         0.         0.         0.         0.         0.
 0.         0.         0.         0.         0.         0.
 0.         0.         0.         0.         0.         0.
 0.         0.         1.         0.         1.         0.        ]
--------------------------------------------------------------------------------------
Solution ID:  113
Fitness:[0.8128430503529682, 0.4729238589466136]
Position:[0.81284305 0.         0.         0.         0.         0.
 0.         0.         0.         0.         0.         0.
 0.         0.         0.         0.         0.         0.
 0.         0.         0.         0.         0.         0.
 0.         0.         1.         0.         1.         0.        ]
--------------------------------------------------------------------------------------
Solution ID:  114
Fitness:[0.8769883760670437, 0.4284958836745452]
Position:[0.87698838 0.         0.         0.         0.         0.
 0.         0.         0.         0.         0.         0.
 0.         0.         0.         0.         0.         0.
 0.         0.         0.         0.         0.         0.
 0.         0.         1.         0.         1.         0.        ]
--------------------------------------------------------------------------------------
Solution ID:  115
Fitness:[0.8816911713488937, 0.42530362527997756]
Position:[0.88169117 0.         0.         0.         0.         0.
 0.         0.         0.         0.         0.         0.
 0.         0.         0.         0.         0.         0.
 0.         0.         0.         0.         0.         0.
 0.         0.         1.         0.         1.         0.        ]
--------------------------------------------------------------------------------------
Solution ID:  116
Fitness:[0.8233315750944273, 0.46554249288859995]
Position:[0.82333158 0.         0.         0.         0.         0.
 0.         0.         0.         0.         0.         0.
 0.         0.         0.         0.         0.         0.
 0.         0.         0.         0.         0.         0.
 0.         0.         1.         0.         1.         0.        ]
--------------------------------------------------------------------------------------
Solution ID:  117
Fitness:[0.891353981244376, 0.41877111529564404]
Position:[0.89135398 0.         0.         0.         0.         0.
 0.         0.         0.         0.         0.         0.
 0.         0.         0.         0.         0.         0.
 0.         0.         0.         0.         0.         0.
 0.         0.         1.         0.         1.         0.        ]
--------------------------------------------------------------------------------------
Solution ID:  118
Fitness:[0.0, 1.6206896551724137]
Position:[0. 0. 0. 0. 0. 0. 0. 0. 0. 0. 0. 0. 0. 0. 0. 0. 0. 0. 0. 0. 0. 0. 0. 0.
 0. 0. 1. 0. 1. 0.]
--------------------------------------------------------------------------------------
Solution ID:  119
Fitness:[0.0, 1.6206896551724137]
Position:[0. 0. 0. 0. 0. 0. 0. 0. 0. 0. 0. 0. 0. 0. 0. 0. 0. 0. 0. 0. 0. 0. 0. 0.
 0. 0. 1. 0. 1. 0.]
--------------------------------------------------------------------------------------
Solution ID:  120
Fitness:[0.0, 1.6206896551724137]
Position:[0. 0. 0. 0. 0. 0. 0. 0. 0. 0. 0. 0. 0. 0. 0. 0. 0. 0. 0. 0. 0. 0. 0. 0.
 0. 0. 1. 0. 1. 0.]
--------------------------------------------------------------------------------------
Solution ID:  121
Fitness:[0.0, 1.6206896551724137]
Position:[0. 0. 0. 0. 0. 0. 0. 0. 0. 0. 0. 0. 0. 0. 0. 0. 0. 0. 0. 0. 0. 0. 0. 0.
 0. 0. 1. 0. 1. 0.]
--------------------------------------------------------------------------------------
Solution ID:  122
Fitness:[0.0, 1.6206896551724137]
Position:[0. 0. 0. 0. 0. 0. 0. 0. 0. 0. 0. 0. 0. 0. 0. 0. 0. 0. 0. 0. 0. 0. 0. 0.
 0. 0. 1. 0. 1. 0.]
--------------------------------------------------------------------------------------
Solution ID:  123
Fitness:[0.0, 1.6206896551724137]
Position:[0. 0. 0. 0. 0. 0. 0. 0. 0. 0. 0. 0. 0. 0. 0. 0. 0. 0. 0. 0. 0. 0. 0. 0.
 0. 0. 1. 0. 1. 0.]
--------------------------------------------------------------------------------------
Solution ID:  124
Fitness:[0.0, 1.6206896551724137]
Position:[0. 0. 0. 0. 0. 0. 0. 0. 0. 0. 0. 0. 0. 0. 0. 0. 0. 0. 0. 0. 0. 0. 0. 0.
 0. 0. 1. 0. 1. 0.]
--------------------------------------------------------------------------------------
Solution ID:  125
Fitness:[0.0, 1.6206896551724137]
Position:[0. 0. 0. 0. 0. 0. 0. 0. 0. 0. 0. 0. 0. 0. 0. 0. 0. 0. 0. 0. 0. 0. 0. 0.
 0. 0. 1. 0. 1. 0.]
--------------------------------------------------------------------------------------
Solution ID:  126
Fitness:[0.03785855798002302, 1.3729862573798757]
Position:[0.03785856 0.         0.         0.         0.         0.
 0.         0.         0.         0.         0.         0.
 0.         0.         0.         0.         0.         0.
 0.         0.         0.         0.         0.         0.
 0.         0.         1.         0.         1.         0.        ]
--------------------------------------------------------------------------------------
Solution ID:  127
Fitness:[0.0, 1.6206896551724137]
Position:[0. 0. 0. 0. 0. 0. 0. 0. 0. 0. 0. 0. 0. 0. 0. 0. 0. 0. 0. 0. 0. 0. 0. 0.
 0. 0. 1. 0. 1. 0.]
--------------------------------------------------------------------------------------
Solution ID:  128
Fitness:[0.0, 1.6206896551724137]
Position:[0. 0. 0. 0. 0. 0. 0. 0. 0. 0. 0. 0. 0. 0. 0. 0. 0. 0. 0. 0. 0. 0. 0. 0.
 0. 0. 1. 0. 1. 0.]
--------------------------------------------------------------------------------------
Solution ID:  129
Fitness:[0.0, 1.6206896551724137]
Position:[0. 0. 0. 0. 0. 0. 0. 0. 0. 0. 0. 0. 0. 0. 0. 0. 0. 0. 0. 0. 0. 0. 0. 0.
 0. 0. 1. 0. 1. 0.]
--------------------------------------------------------------------------------------
Solution ID:  130
Fitness:[0.0, 1.6206896551724137]
Position:[0. 0. 0. 0. 0. 0. 0. 0. 0. 0. 0. 0. 0. 0. 0. 0. 0. 0. 0. 0. 0. 0. 0. 0.
 0. 0. 1. 0. 1. 0.]
--------------------------------------------------------------------------------------
Solution ID:  131
Fitness:[0.0, 1.6206896551724137]
Position:[0. 0. 0. 0. 0. 0. 0. 0. 0. 0. 0. 0. 0. 0. 0. 0. 0. 0. 0. 0. 0. 0. 0. 0.
 0. 0. 1. 0. 1. 0.]
--------------------------------------------------------------------------------------
Solution ID:  132
Fitness:[0.0, 1.6206896551724137]
Position:[0. 0. 0. 0. 0. 0. 0. 0. 0. 0. 0. 0. 0. 0. 0. 0. 0. 0. 0. 0. 0. 0. 0. 0.
 0. 0. 1. 0. 1. 0.]
--------------------------------------------------------------------------------------
Solution ID:  133
Fitness:[0.0, 1.6206896551724137]
Position:[0. 0. 0. 0. 0. 0. 0. 0. 0. 0. 0. 0. 0. 0. 0. 0. 0. 0. 0. 0. 0. 0. 0. 0.
 0. 0. 1. 0. 1. 0.]
--------------------------------------------------------------------------------------
Solution ID:  134
Fitness:[0.09885416793564816, 1.2204248336554815]
Position:[0.09885417 0.         0.         0.         0.         0.
 0.         0.         0.         0.         0.         0.
 0.         0.         0.         0.         0.         0.
 0.         0.         0.         0.         0.         0.
 0.         0.         1.         0.         1.         0.        ]
--------------------------------------------------------------------------------------
Solution ID:  135
Fitness:[0.0, 1.6206896551724137]
Position:[0. 0. 0. 0. 0. 0. 0. 0. 0. 0. 0. 0. 0. 0. 0. 0. 0. 0. 0. 0. 0. 0. 0. 0.
 0. 0. 1. 0. 1. 0.]
--------------------------------------------------------------------------------------
Solution ID:  136
Fitness:[0.0, 1.6206896551724137]
Position:[0. 0. 0. 0. 0. 0. 0. 0. 0. 0. 0. 0. 0. 0. 0. 0. 0. 0. 0. 0. 0. 0. 0. 0.
 0. 0. 1. 0. 1. 0.]
--------------------------------------------------------------------------------------
Solution ID:  137
Fitness:[0.04274511724461649, 1.3574852301953972]
Position:[0.04274512 0.         0.         0.         0.         0.
 0.         0.         0.         0.         0.         0.
 0.         0.         0.         0.         0.         0.
 0.         0.         0.         0.         0.         0.
 0.         0.         1.         0.         1.         0.        ]
--------------------------------------------------------------------------------------
Solution ID:  138
Fitness:[0.0, 1.6206896551724137]
Position:[0. 0. 0. 0. 0. 0. 0. 0. 0. 0. 0. 0. 0. 0. 0. 0. 0. 0. 0. 0. 0. 0. 0. 0.
 0. 0. 1. 0. 1. 0.]
--------------------------------------------------------------------------------------
Solution ID:  139
Fitness:[0.0, 1.6206896551724137]
Position:[0. 0. 0. 0. 0. 0. 0. 0. 0. 0. 0. 0. 0. 0. 0. 0. 0. 0. 0. 0. 0. 0. 0. 0.
 0. 0. 1. 0. 1. 0.]
--------------------------------------------------------------------------------------
Solution ID:  140
Fitness:[0.0, 1.6206896551724137]
Position:[0. 0. 0. 0. 0. 0. 0. 0. 0. 0. 0. 0. 0. 0. 0. 0. 0. 0. 0. 0. 0. 0. 0. 0.
 0. 0. 1. 0. 1. 0.]
--------------------------------------------------------------------------------------
Solution ID:  141
Fitness:[0.0, 1.6206896551724137]
Position:[0. 0. 0. 0. 0. 0. 0. 0. 0. 0. 0. 0. 0. 0. 0. 0. 0. 0. 0. 0. 0. 0. 0. 0.
 0. 0. 1. 0. 1. 0.]
--------------------------------------------------------------------------------------
Solution ID:  142
Fitness:[0.0, 1.6206896551724137]
Position:[0. 0. 0. 0. 0. 0. 0. 0. 0. 0. 0. 0. 0. 0. 0. 0. 0. 0. 0. 0. 0. 0. 0. 0.
 0. 0. 1. 0. 1. 0.]
--------------------------------------------------------------------------------------
Solution ID:  143
Fitness:[0.0, 1.6206896551724137]
Position:[0. 0. 0. 0. 0. 0. 0. 0. 0. 0. 0. 0. 0. 0. 0. 0. 0. 0. 0. 0. 0. 0. 0. 0.
 0. 0. 1. 0. 1. 0.]
--------------------------------------------------------------------------------------
Solution ID:  144
Fitness:[0.0, 1.6206896551724137]
Position:[0. 0. 0. 0. 0. 0. 0. 0. 0. 0. 0. 0. 0. 0. 0. 0. 0. 0. 0. 0. 0. 0. 0. 0.
 0. 0. 1. 0. 1. 0.]
--------------------------------------------------------------------------------------
Solution ID:  145
Fitness:[0.0, 1.6206896551724137]
Position:[0. 0. 0. 0. 0. 0. 0. 0. 0. 0. 0. 0. 0. 0. 0. 0. 0. 0. 0. 0. 0. 0. 0. 0.
 0. 0. 1. 0. 1. 0.]
--------------------------------------------------------------------------------------
Solution ID:  146
Fitness:[0.0, 1.6206896551724137]
Position:[0. 0. 0. 0. 0. 0. 0. 0. 0. 0. 0. 0. 0. 0. 0. 0. 0. 0. 0. 0. 0. 0. 0. 0.
 0. 0. 1. 0. 1. 0.]
--------------------------------------------------------------------------------------
Solution ID:  147
Fitness:[0.0, 1.6206896551724137]
Position:[0. 0. 0. 0. 0. 0. 0. 0. 0. 0. 0. 0. 0. 0. 0. 0. 0. 0. 0. 0. 0. 0. 0. 0.
 0. 0. 1. 0. 1. 0.]
--------------------------------------------------------------------------------------
Solution ID:  148
Fitness:[0.0, 1.6206896551724137]
Position:[0. 0. 0. 0. 0. 0. 0. 0. 0. 0. 0. 0. 0. 0. 0. 0. 0. 0. 0. 0. 0. 0. 0. 0.
 0. 0. 1. 0. 1. 0.]
--------------------------------------------------------------------------------------
Solution ID:  149
Fitness:[0.0, 1.6206896551724137]
Position:[0. 0. 0. 0. 0. 0. 0. 0. 0. 0. 0. 0. 0. 0. 0. 0. 0. 0. 0. 0. 0. 0. 0. 0.
 0. 0. 1. 0. 1. 0.]
--------------------------------------------------------------------------------------
Solution ID:  150
Fitness:[0.0, 1.6206896551724137]
Position:[0. 0. 0. 0. 0. 0. 0. 0. 0. 0. 0. 0. 0. 0. 0. 0. 0. 0. 0. 0. 0. 0. 0. 0.
 0. 0. 1. 0. 1. 0.]
--------------------------------------------------------------------------------------
Solution ID:  151
Fitness:[0.0, 1.6206896551724137]
Position:[0. 0. 0. 0. 0. 0. 0. 0. 0. 0. 0. 0. 0. 0. 0. 0. 0. 0. 0. 0. 0. 0. 0. 0.
 0. 0. 1. 0. 1. 0.]
--------------------------------------------------------------------------------------
Solution ID:  152
Fitness:[0.022827430464698484, 1.428345743367791]
Position:[0.02282743 0.         0.         0.         0.         0.
 0.         0.         0.         0.         0.         0.
 0.         0.         0.         0.         0.         0.
 0.         0.         0.         0.         0.         0.
 0.         0.         1.         0.         1.         0.        ]
--------------------------------------------------------------------------------------
Solution ID:  153
Fitness:[0.0, 1.6206896551724137]
Position:[0. 0. 0. 0. 0. 0. 0. 0. 0. 0. 0. 0. 0. 0. 0. 0. 0. 0. 0. 0. 0. 0. 0. 0.
 0. 0. 1. 0. 1. 0.]
--------------------------------------------------------------------------------------
Solution ID:  154
Fitness:[0.0, 1.6206896551724137]
Position:[0. 0. 0. 0. 0. 0. 0. 0. 0. 0. 0. 0. 0. 0. 0. 0. 0. 0. 0. 0. 0. 0. 0. 0.
 0. 0. 1. 0. 1. 0.]
--------------------------------------------------------------------------------------
Solution ID:  155
Fitness:[0.0, 1.6206896551724137]
Position:[0. 0. 0. 0. 0. 0. 0. 0. 0. 0. 0. 0. 0. 0. 0. 0. 0. 0. 0. 0. 0. 0. 0. 0.
 0. 0. 1. 0. 1. 0.]
--------------------------------------------------------------------------------------
Solution ID:  156
Fitness:[0.0, 1.6206896551724137]
Position:[0. 0. 0. 0. 0. 0. 0. 0. 0. 0. 0. 0. 0. 0. 0. 0. 0. 0. 0. 0. 0. 0. 0. 0.
 0. 0. 1. 0. 1. 0.]
--------------------------------------------------------------------------------------
Solution ID:  157
Fitness:[0.0, 1.6206896551724137]
Position:[0. 0. 0. 0. 0. 0. 0. 0. 0. 0. 0. 0. 0. 0. 0. 0. 0. 0. 0. 0. 0. 0. 0. 0.
 0. 0. 1. 0. 1. 0.]
--------------------------------------------------------------------------------------
Solution ID:  158
Fitness:[0.0, 1.6206896551724137]
Position:[0. 0. 0. 0. 0. 0. 0. 0. 0. 0. 0. 0. 0. 0. 0. 0. 0. 0. 0. 0. 0. 0. 0. 0.
 0. 0. 1. 0. 1. 0.]
--------------------------------------------------------------------------------------
Solution ID:  159
Fitness:[0.0, 1.6206896551724137]
Position:[0. 0. 0. 0. 0. 0. 0. 0. 0. 0. 0. 0. 0. 0. 0. 0. 0. 0. 0. 0. 0. 0. 0. 0.
 0. 0. 1. 0. 1. 0.]
--------------------------------------------------------------------------------------
Solution ID:  160
Fitness:[0.0819936558859243, 1.2561539643490265]
Position:[0.08199366 0.         0.         0.         0.         0.
 0.         0.         0.         0.         0.         0.
 0.         0.         0.         0.         0.         0.
 0.         0.         0.         0.         0.         0.
 0.         0.         1.         0.         1.         0.        ]
--------------------------------------------------------------------------------------
Solution ID:  161
Fitness:[0.08432255722283089, 1.2510131801449569]
Position:[0.08432256 0.         0.         0.         0.         0.
 0.         0.         0.         0.         0.         0.
 0.         0.         0.         0.         0.         0.
 0.         0.         0.         0.         0.         0.
 0.         0.         1.         0.         1.         0.        ]
--------------------------------------------------------------------------------------
Solution ID:  162
Fitness:[0.0, 1.6206896551724137]
Position:[0. 0. 0. 0. 0. 0. 0. 0. 0. 0. 0. 0. 0. 0. 0. 0. 0. 0. 0. 0. 0. 0. 0. 0.
 0. 0. 1. 0. 1. 0.]
--------------------------------------------------------------------------------------
Solution ID:  163
Fitness:[0.0, 1.6206896551724137]
Position:[0. 0. 0. 0. 0. 0. 0. 0. 0. 0. 0. 0. 0. 0. 0. 0. 0. 0. 0. 0. 0. 0. 0. 0.
 0. 0. 1. 0. 1. 0.]
--------------------------------------------------------------------------------------
Solution ID:  164
Fitness:[0.0, 1.6206896551724137]
Position:[0. 0. 0. 0. 0. 0. 0. 0. 0. 0. 0. 0. 0. 0. 0. 0. 0. 0. 0. 0. 0. 0. 0. 0.
 0. 0. 1. 0. 1. 0.]
--------------------------------------------------------------------------------------
Solution ID:  165
Fitness:[0.0, 1.6206896551724137]
Position:[0. 0. 0. 0. 0. 0. 0. 0. 0. 0. 0. 0. 0. 0. 0. 0. 0. 0. 0. 0. 0. 0. 0. 0.
 0. 0. 1. 0. 1. 0.]
--------------------------------------------------------------------------------------
Solution ID:  166
Fitness:[0.0, 1.6206896551724137]
Position:[0. 0. 0. 0. 0. 0. 0. 0. 0. 0. 0. 0. 0. 0. 0. 0. 0. 0. 0. 0. 0. 0. 0. 0.
 0. 0. 1. 0. 1. 0.]
--------------------------------------------------------------------------------------
Solution ID:  167
Fitness:[0.0, 1.6206896551724137]
Position:[0. 0. 0. 0. 0. 0. 0. 0. 0. 0. 0. 0. 0. 0. 0. 0. 0. 0. 0. 0. 0. 0. 0. 0.
 0. 0. 1. 0. 1. 0.]
--------------------------------------------------------------------------------------
Solution ID:  168
Fitness:[0.0, 1.6206896551724137]
Position:[0. 0. 0. 0. 0. 0. 0. 0. 0. 0. 0. 0. 0. 0. 0. 0. 0. 0. 0. 0. 0. 0. 0. 0.
 0. 0. 1. 0. 1. 0.]
--------------------------------------------------------------------------------------
Solution ID:  169
Fitness:[0.0, 1.6206896551724137]
Position:[0. 0. 0. 0. 0. 0. 0. 0. 0. 0. 0. 0. 0. 0. 0. 0. 0. 0. 0. 0. 0. 0. 0. 0.
 0. 0. 1. 0. 1. 0.]
--------------------------------------------------------------------------------------
Solution ID:  170
Fitness:[0.0, 1.6206896551724137]
Position:[0. 0. 0. 0. 0. 0. 0. 0. 0. 0. 0. 0. 0. 0. 0. 0. 0. 0. 0. 0. 0. 0. 0. 0.
 0. 0. 1. 0. 1. 0.]
--------------------------------------------------------------------------------------
Solution ID:  171
Fitness:[0.0, 1.6206896551724137]
Position:[0. 0. 0. 0. 0. 0. 0. 0. 0. 0. 0. 0. 0. 0. 0. 0. 0. 0. 0. 0. 0. 0. 0. 0.
 0. 0. 1. 0. 1. 0.]
--------------------------------------------------------------------------------------
Solution ID:  172
Fitness:[0.0, 1.6206896551724137]
Position:[0. 0. 0. 0. 0. 0. 0. 0. 0. 0. 0. 0. 0. 0. 0. 0. 0. 0. 0. 0. 0. 0. 0. 0.
 0. 0. 1. 0. 1. 0.]
--------------------------------------------------------------------------------------
Solution ID:  173
Fitness:[0.0, 1.6206896551724137]
Position:[0. 0. 0. 0. 0. 0. 0. 0. 0. 0. 0. 0. 0. 0. 0. 0. 0. 0. 0. 0. 0. 0. 0. 0.
 0. 0. 1. 0. 1. 0.]
--------------------------------------------------------------------------------------
Solution ID:  174
Fitness:[0.0, 1.6206896551724137]
Position:[0. 0. 0. 0. 0. 0. 0. 0. 0. 0. 0. 0. 0. 0. 0. 0. 0. 0. 0. 0. 0. 0. 0. 0.
 0. 0. 1. 0. 1. 0.]
--------------------------------------------------------------------------------------
Solution ID:  175
Fitness:[0.0, 1.6206896551724137]
Position:[0. 0. 0. 0. 0. 0. 0. 0. 0. 0. 0. 0. 0. 0. 0. 0. 0. 0. 0. 0. 0. 0. 0. 0.
 0. 0. 1. 0. 1. 0.]
--------------------------------------------------------------------------------------
Solution ID:  176
Fitness:[0.0, 1.6206896551724137]
Position:[0. 0. 0. 0. 0. 0. 0. 0. 0. 0. 0. 0. 0. 0. 0. 0. 0. 0. 0. 0. 0. 0. 0. 0.
 0. 0. 1. 0. 1. 0.]
--------------------------------------------------------------------------------------
Solution ID:  177
Fitness:[0.0, 1.6206896551724137]
Position:[0. 0. 0. 0. 0. 0. 0. 0. 0. 0. 0. 0. 0. 0. 0. 0. 0. 0. 0. 0. 0. 0. 0. 0.
 0. 0. 1. 0. 1. 0.]
--------------------------------------------------------------------------------------
Solution ID:  178
Fitness:[0.0, 1.6206896551724137]
Position:[0. 0. 0. 0. 0. 0. 0. 0. 0. 0. 0. 0. 0. 0. 0. 0. 0. 0. 0. 0. 0. 0. 0. 0.
 0. 0. 1. 0. 1. 0.]
--------------------------------------------------------------------------------------
Solution ID:  179
Fitness:[0.0, 1.6206896551724137]
Position:[0. 0. 0. 0. 0. 0. 0. 0. 0. 0. 0. 0. 0. 0. 0. 0. 0. 0. 0. 0. 0. 0. 0. 0.
 0. 0. 1. 0. 1. 0.]
--------------------------------------------------------------------------------------
Solution ID:  180
Fitness:[0.0, 1.6206896551724137]
Position:[0. 0. 0. 0. 0. 0. 0. 0. 0. 0. 0. 0. 0. 0. 0. 0. 0. 0. 0. 0. 0. 0. 0. 0.
 0. 0. 1. 0. 1. 0.]
--------------------------------------------------------------------------------------
Solution ID:  181
Fitness:[0.0, 1.6206896551724137]
Position:[0. 0. 0. 0. 0. 0. 0. 0. 0. 0. 0. 0. 0. 0. 0. 0. 0. 0. 0. 0. 0. 0. 0. 0.
 0. 0. 1. 0. 1. 0.]
--------------------------------------------------------------------------------------
Solution ID:  182
Fitness:[0.0, 1.6206896551724137]
Position:[0. 0. 0. 0. 0. 0. 0. 0. 0. 0. 0. 0. 0. 0. 0. 0. 0. 0. 0. 0. 0. 0. 0. 0.
 0. 0. 1. 0. 1. 0.]
--------------------------------------------------------------------------------------
Solution ID:  183
Fitness:[0.0, 1.6206896551724137]
Position:[0. 0. 0. 0. 0. 0. 0. 0. 0. 0. 0. 0. 0. 0. 0. 0. 0. 0. 0. 0. 0. 0. 0. 0.
 0. 0. 1. 0. 1. 0.]
--------------------------------------------------------------------------------------
Solution ID:  184
Fitness:[0.0, 1.6206896551724137]
Position:[0. 0. 0. 0. 0. 0. 0. 0. 0. 0. 0. 0. 0. 0. 0. 0. 0. 0. 0. 0. 0. 0. 0. 0.
 0. 0. 1. 0. 1. 0.]
--------------------------------------------------------------------------------------
Solution ID:  185
Fitness:[0.0, 1.6206896551724137]
Position:[0. 0. 0. 0. 0. 0. 0. 0. 0. 0. 0. 0. 0. 0. 0. 0. 0. 0. 0. 0. 0. 0. 0. 0.
 0. 0. 1. 0. 1. 0.]
--------------------------------------------------------------------------------------
Solution ID:  186
Fitness:[0.0, 1.6206896551724137]
Position:[0. 0. 0. 0. 0. 0. 0. 0. 0. 0. 0. 0. 0. 0. 0. 0. 0. 0. 0. 0. 0. 0. 0. 0.
 0. 0. 1. 0. 1. 0.]
--------------------------------------------------------------------------------------
Solution ID:  187
Fitness:[0.0, 1.6206896551724137]
Position:[0. 0. 0. 0. 0. 0. 0. 0. 0. 0. 0. 0. 0. 0. 0. 0. 0. 0. 0. 0. 0. 0. 0. 0.
 0. 0. 1. 0. 1. 0.]
--------------------------------------------------------------------------------------
Solution ID:  188
Fitness:[0.0, 1.6206896551724137]
Position:[0. 0. 0. 0. 0. 0. 0. 0. 0. 0. 0. 0. 0. 0. 0. 0. 0. 0. 0. 0. 0. 0. 0. 0.
 0. 0. 1. 0. 1. 0.]
--------------------------------------------------------------------------------------
Solution ID:  189
Fitness:[0.0, 1.6206896551724137]
Position:[0. 0. 0. 0. 0. 0. 0. 0. 0. 0. 0. 0. 0. 0. 0. 0. 0. 0. 0. 0. 0. 0. 0. 0.
 0. 0. 1. 0. 1. 0.]
--------------------------------------------------------------------------------------
Solution ID:  190
Fitness:[0.0, 1.6206896551724137]
Position:[0. 0. 0. 0. 0. 0. 0. 0. 0. 0. 0. 0. 0. 0. 0. 0. 0. 0. 0. 0. 0. 0. 0. 0.
 0. 0. 1. 0. 1. 0.]
--------------------------------------------------------------------------------------
Solution ID:  191
Fitness:[0.0, 1.6206896551724137]
Position:[0. 0. 0. 0. 0. 0. 0. 0. 0. 0. 0. 0. 0. 0. 0. 0. 0. 0. 0. 0. 0. 0. 0. 0.
 0. 0. 1. 0. 1. 0.]
--------------------------------------------------------------------------------------
Solution ID:  192
Fitness:[0.005296974678118432, 1.528035718048637]
Position:[0.00529697 0.         0.         0.         0.         0.
 0.         0.         0.         0.         0.         0.
 0.         0.         0.         0.         0.         0.
 0.         0.         0.         0.         0.         0.
 0.         0.         1.         0.         1.         0.        ]
--------------------------------------------------------------------------------------
Solution ID:  193
Fitness:[0.0, 1.6206896551724137]
Position:[0. 0. 0. 0. 0. 0. 0. 0. 0. 0. 0. 0. 0. 0. 0. 0. 0. 0. 0. 0. 0. 0. 0. 0.
 0. 0. 1. 0. 1. 0.]
--------------------------------------------------------------------------------------
Solution ID:  194
Fitness:[0.0, 1.6206896551724137]
Position:[0. 0. 0. 0. 0. 0. 0. 0. 0. 0. 0. 0. 0. 0. 0. 0. 0. 0. 0. 0. 0. 0. 0. 0.
 0. 0. 1. 0. 1. 0.]
--------------------------------------------------------------------------------------
Solution ID:  195
Fitness:[0.0, 1.6206896551724137]
Position:[0. 0. 0. 0. 0. 0. 0. 0. 0. 0. 0. 0. 0. 0. 0. 0. 0. 0. 0. 0. 0. 0. 0. 0.
 0. 0. 1. 0. 1. 0.]
--------------------------------------------------------------------------------------
Solution ID:  196
Fitness:[0.03712108805919562, 1.3754107049824666]
Position:[0.03712109 0.         0.         0.         0.         0.
 0.         0.         0.         0.         0.         0.
 0.         0.         0.         0.         0.         0.
 0.         0.         0.         0.         0.         0.
 0.         0.         1.         0.         1.         0.        ]
--------------------------------------------------------------------------------------
Solution ID:  197
Fitness:[0.0, 1.6206896551724137]
Position:[0. 0. 0. 0. 0. 0. 0. 0. 0. 0. 0. 0. 0. 0. 0. 0. 0. 0. 0. 0. 0. 0. 0. 0.
 0. 0. 1. 0. 1. 0.]
--------------------------------------------------------------------------------------
Solution ID:  198
Fitness:[0.0, 1.6206896551724137]
Position:[0. 0. 0. 0. 0. 0. 0. 0. 0. 0. 0. 0. 0. 0. 0. 0. 0. 0. 0. 0. 0. 0. 0. 0.
 0. 0. 1. 0. 1. 0.]
--------------------------------------------------------------------------------------
Solution ID:  199
Fitness:[0.0, 1.6206896551724137]
Position:[0. 0. 0. 0. 0. 0. 0. 0. 0. 0. 0. 0. 0. 0. 0. 0. 0. 0. 0. 0. 0. 0. 0. 0.
 0. 0. 1. 0. 1. 0.]
--------------------------------------------------------------------------------------
Solution ID:  200
Fitness:[0.0, 1.6206896551724137]
Position:[0. 0. 0. 0. 0. 0. 0. 0. 0. 0. 0. 0. 0. 0. 0. 0. 0. 0. 0. 0. 0. 0. 0. 0.
 0. 0. 1. 0. 1. 0.]
--------------------------------------------------------------------------------------
Solution ID:  201
Fitness:[0.0, 1.6206896551724137]
Position:[0. 0. 0. 0. 0. 0. 0. 0. 0. 0. 0. 0. 0. 0. 0. 0. 0. 0. 0. 0. 0. 0. 0. 0.
 0. 0. 1. 0. 1. 0.]
--------------------------------------------------------------------------------------
Solution ID:  202
Fitness:[0.0, 1.6206896551724137]
Position:[0. 0. 0. 0. 0. 0. 0. 0. 0. 0. 0. 0. 0. 0. 0. 0. 0. 0. 0. 0. 0. 0. 0. 0.
 0. 0. 1. 0. 1. 0.]
--------------------------------------------------------------------------------------
Solution ID:  203
Fitness:[0.0, 1.6206896551724137]
Position:[0. 0. 0. 0. 0. 0. 0. 0. 0. 0. 0. 0. 0. 0. 0. 0. 0. 0. 0. 0. 0. 0. 0. 0.
 0. 0. 1. 0. 1. 0.]
--------------------------------------------------------------------------------------
Solution ID:  204
Fitness:[0.0, 1.6206896551724137]
Position:[0. 0. 0. 0. 0. 0. 0. 0. 0. 0. 0. 0. 0. 0. 0. 0. 0. 0. 0. 0. 0. 0. 0. 0.
 0. 0. 1. 0. 1. 0.]
--------------------------------------------------------------------------------------
Solution ID:  205
Fitness:[0.045266213783872744, 1.3498345566264467]
Position:[0.04526621 0.         0.         0.         0.         0.
 0.         0.         0.         0.         0.         0.
 0.         0.         0.         0.         0.         0.
 0.         0.         0.         0.         0.         0.
 0.         0.         1.         0.         1.         0.        ]
--------------------------------------------------------------------------------------
Solution ID:  206
Fitness:[0.0, 1.6206896551724137]
Position:[0. 0. 0. 0. 0. 0. 0. 0. 0. 0. 0. 0. 0. 0. 0. 0. 0. 0. 0. 0. 0. 0. 0. 0.
 0. 0. 1. 0. 1. 0.]
--------------------------------------------------------------------------------------
Solution ID:  207
Fitness:[0.0, 1.6206896551724137]
Position:[0. 0. 0. 0. 0. 0. 0. 0. 0. 0. 0. 0. 0. 0. 0. 0. 0. 0. 0. 0. 0. 0. 0. 0.
 0. 0. 1. 0. 1. 0.]
--------------------------------------------------------------------------------------
Solution ID:  208
Fitness:[0.0, 1.6206896551724137]
Position:[0. 0. 0. 0. 0. 0. 0. 0. 0. 0. 0. 0. 0. 0. 0. 0. 0. 0. 0. 0. 0. 0. 0. 0.
 0. 0. 1. 0. 1. 0.]
--------------------------------------------------------------------------------------
Solution ID:  209
Fitness:[0.0, 1.6206896551724137]
Position:[0. 0. 0. 0. 0. 0. 0. 0. 0. 0. 0. 0. 0. 0. 0. 0. 0. 0. 0. 0. 0. 0. 0. 0.
 0. 0. 1. 0. 1. 0.]
--------------------------------------------------------------------------------------
Solution ID:  210
Fitness:[0.0, 1.6206896551724137]
Position:[0. 0. 0. 0. 0. 0. 0. 0. 0. 0. 0. 0. 0. 0. 0. 0. 0. 0. 0. 0. 0. 0. 0. 0.
 0. 0. 1. 0. 1. 0.]
--------------------------------------------------------------------------------------
Solution ID:  211
Fitness:[0.4974380572568401, 0.7228073057049439]
Position:[0.49743806 0.         0.         0.         0.         0.
 0.         0.         0.         0.         0.         0.
 0.         0.         0.         0.         0.         0.
 0.         0.         0.         0.         0.         0.
 0.         0.         1.         0.         1.         0.        ]
--------------------------------------------------------------------------------------
Solution ID:  212
Fitness:[0.4408822595149984, 0.7753889293091283]
Position:[0.44088226 0.         0.         0.         0.         0.
 0.         0.         0.         0.         0.         0.
 0.         0.         0.         0.         0.         0.
 0.         0.         0.         0.         0.         0.
 0.         0.         1.         0.         1.         0.        ]
--------------------------------------------------------------------------------------
Solution ID:  213
Fitness:[0.45339320986308285, 0.7634792463750674]
Position:[0.45339321 0.         0.         0.         0.         0.
 0.         0.         0.         0.         0.         0.
 0.         0.         0.         0.         0.         0.
 0.         0.         0.         0.         0.         0.
 0.         0.         1.         0.         1.         0.        ]
--------------------------------------------------------------------------------------
Solution ID:  214
Fitness:[0.49517492706758565, 0.7248521242555679]
Position:[0.49517493 0.         0.         0.         0.         0.
 0.         0.         0.         0.         0.         0.
 0.         0.         0.         0.         0.         0.
 0.         0.         0.         0.         0.         0.
 0.         0.         1.         0.         1.         0.        ]
--------------------------------------------------------------------------------------
Solution ID:  215
Fitness:[0.4422906335506541, 0.7740398725732578]
Position:[0.44229063 0.         0.         0.         0.         0.
 0.         0.         0.         0.         0.         0.
 0.         0.         0.         0.         0.         0.
 0.         0.         0.         0.         0.         0.
 0.         0.         1.         0.         1.         0.        ]
--------------------------------------------------------------------------------------
Solution ID:  216
Fitness:[0.4804501843251004, 0.7382721555944818]
Position:[0.48045018 0.         0.         0.         0.         0.
 0.         0.         0.         0.         0.         0.
 0.         0.         0.         0.         0.         0.
 0.         0.         0.         0.         0.         0.
 0.         0.         1.         0.         1.         0.        ]
--------------------------------------------------------------------------------------
Solution ID:  217
Fitness:[0.415623441070722, 0.7999603384117168]
Position:[0.41562344 0.         0.         0.         0.         0.
 0.         0.         0.         0.         0.         0.
 0.         0.         0.         0.         0.         0.
 0.         0.         0.         0.         0.         0.
 0.         0.         1.         0.         1.         0.        ]
--------------------------------------------------------------------------------------
Solution ID:  218
Fitness:[0.4581917185928245, 0.7589550217677556]
Position:[0.45819172 0.         0.         0.         0.         0.
 0.         0.         0.         0.         0.         0.
 0.         0.         0.         0.         0.         0.
 0.         0.         0.         0.         0.         0.
 0.         0.         1.         0.         1.         0.        ]
--------------------------------------------------------------------------------------
Solution ID:  219
Fitness:[0.49529795329339477, 0.724740845735918]
Position:[0.49529795 0.         0.         0.         0.         0.
 0.         0.         0.         0.         0.         0.
 0.         0.         0.         0.         0.         0.
 0.         0.         0.         0.         0.         0.
 0.         0.         1.         0.         1.         0.        ]
--------------------------------------------------------------------------------------
Solution ID:  220
Fitness:[0.4101966538227935, 0.8053360671892975]
Position:[0.41019665 0.         0.         0.         0.         0.
 0.         0.         0.         0.         0.         0.
 0.         0.         0.         0.         0.         0.
 0.         0.         0.         0.         0.         0.
 0.         0.         1.         0.         1.         0.        ]
--------------------------------------------------------------------------------------
Solution ID:  221
Fitness:[0.49234012458035964, 0.7274200728325212]
Position:[0.49234012 0.         0.         0.         0.         0.
 0.         0.         0.         0.         0.         0.
 0.         0.         0.         0.         0.         0.
 0.         0.         0.         0.         0.         0.
 0.         0.         1.         0.         1.         0.        ]
--------------------------------------------------------------------------------------
Solution ID:  222
Fitness:[0.45745537197820396, 0.7596477345505872]
Position:[0.45745537 0.         0.         0.         0.         0.
 0.         0.         0.         0.         0.         0.
 0.         0.         0.         0.         0.         0.
 0.         0.         0.         0.         0.         0.
 0.         0.         1.         0.         1.         0.        ]
--------------------------------------------------------------------------------------
Solution ID:  223
Fitness:[0.49404454668851977, 0.7258752129485364]
Position:[0.49404455 0.         0.         0.         0.         0.
 0.         0.         0.         0.         0.         0.
 0.         0.         0.         0.         0.         0.
 0.         0.         0.         0.         0.         0.
 0.         0.         1.         0.         1.         0.        ]
--------------------------------------------------------------------------------------
Solution ID:  224
Fitness:[0.4396269272353481, 0.7765932074215871]
Position:[0.43962693 0.         0.         0.         0.         0.
 0.         0.         0.         0.         0.         0.
 0.         0.         0.         0.         0.         0.
 0.         0.         0.         0.         0.         0.
 0.         0.         1.         0.         1.         0.        ]
--------------------------------------------------------------------------------------
Solution ID:  225
Fitness:[0.47875523109193396, 0.7398300463865551]
Position:[0.47875523 0.         0.         0.         0.         0.
 0.         0.         0.         0.         0.         0.
 0.         0.         0.         0.         0.         0.
 0.         0.         0.         0.         0.         0.
 0.         0.         1.         0.         1.         0.        ]
--------------------------------------------------------------------------------------
Solution ID:  226
Fitness:[0.10256475384519767, 1.2129818731247604]
Position:[0.10256475 0.         0.         0.         0.         0.
 0.         0.         0.         0.         0.         0.
 0.         0.         0.         0.         0.         0.
 0.         0.         0.         0.         0.         0.
 0.         0.         1.         0.         1.         0.        ]
--------------------------------------------------------------------------------------
Solution ID:  227
Fitness:[0.11664826512805804, 1.1858901190792244]
Position:[0.11664827 0.         0.         0.         0.         0.
 0.         0.         0.         0.         0.         0.
 0.         0.         0.         0.         0.         0.
 0.         0.         0.         0.         0.         0.
 0.         0.         1.         0.         1.         0.        ]
--------------------------------------------------------------------------------------
Solution ID:  228
Fitness:[0.12009659490863367, 1.1795102030332025]
Position:[0.12009659 0.         0.         0.         0.         0.
 0.         0.         0.         0.         0.         0.
 0.         0.         0.         0.         0.         0.
 0.         0.         0.         0.         0.         0.
 0.         0.         1.         0.         1.         0.        ]
--------------------------------------------------------------------------------------
Solution ID:  229
Fitness:[0.2757438127349925, 0.9521874900469732]
Position:[0.27574381 0.         0.         0.         0.         0.
 0.         0.         0.         0.         0.         0.
 0.         0.         0.         0.         0.         0.
 0.         0.         0.         0.         0.         0.
 0.         0.         1.         0.         1.         0.        ]
--------------------------------------------------------------------------------------
Solution ID:  230
Fitness:[0.2012719116693209, 1.0495510510496981]
Position:[0.20127191 0.         0.         0.         0.         0.
 0.         0.         0.         0.         0.         0.
 0.         0.         0.         0.         0.         0.
 0.         0.         0.         0.         0.         0.
 0.         0.         1.         0.         1.         0.        ]
--------------------------------------------------------------------------------------
Solution ID:  231
Fitness:[0.27160869028979784, 0.9572189364458046]
Position:[0.27160869 0.         0.         0.         0.         0.
 0.         0.         0.         0.         0.         0.
 0.         0.         0.         0.         0.         0.
 0.         0.         0.         0.         0.         0.
 0.         0.         1.         0.         1.         0.        ]
--------------------------------------------------------------------------------------
Solution ID:  232
Fitness:[0.2463628710108685, 0.9888053647632515]
Position:[0.24636287 0.         0.         0.         0.         0.
 0.         0.         0.         0.         0.         0.
 0.         0.         0.         0.         0.         0.
 0.         0.         0.         0.         0.         0.
 0.         0.         1.         0.         1.         0.        ]
--------------------------------------------------------------------------------------
Solution ID:  233
Fitness:[0.2769982728177742, 0.9506685844168794]
Position:[0.27699827 0.         0.         0.         0.         0.
 0.         0.         0.         0.         0.         0.
 0.         0.         0.         0.         0.         0.
 0.         0.         0.         0.         0.         0.
 0.         0.         1.         0.         1.         0.        ]
--------------------------------------------------------------------------------------
Solution ID:  234
Fitness:[0.2239038796746073, 1.0182955138151086]
Position:[0.22390388 0.         0.         0.         0.         0.
 0.         0.         0.         0.         0.         0.
 0.         0.         0.         0.         0.         0.
 0.         0.         0.         0.         0.         0.
 0.         0.         1.         0.         1.         0.        ]
--------------------------------------------------------------------------------------
Solution ID:  235
Fitness:[0.259489077930653, 0.9721904152095301]
Position:[0.25948908 0.         0.         0.         0.         0.
 0.         0.         0.         0.         0.         0.
 0.         0.         0.         0.         0.         0.
 0.         0.         0.         0.         0.         0.
 0.         0.         1.         0.         1.         0.        ]
--------------------------------------------------------------------------------------
Solution ID:  236
Fitness:[0.26036546247477754, 0.9710962349493844]
Position:[0.26036546 0.         0.         0.         0.         0.
 0.         0.         0.         0.         0.         0.
 0.         0.         0.         0.         0.         0.
 0.         0.         0.         0.         0.         0.
 0.         0.         1.         0.         1.         0.        ]
--------------------------------------------------------------------------------------
Solution ID:  237
Fitness:[0.22026842247720624, 1.0232059703157015]
Position:[0.22026842 0.         0.         0.         0.         0.
 0.         0.         0.         0.         0.         0.
 0.         0.         0.         0.         0.         0.
 0.         0.         0.         0.         0.         0.
 0.         0.         1.         0.         1.         0.        ]
--------------------------------------------------------------------------------------
Solution ID:  238
Fitness:[0.29500499835646155, 0.9292335473387551]
Position:[0.295005 0.       0.       0.       0.       0.       0.       0.
 0.       0.       0.       0.       0.       0.       0.       0.
 0.       0.       0.       0.       0.       0.       0.       0.
 0.       0.       1.       0.       1.       0.      ]
--------------------------------------------------------------------------------------
Solution ID:  239
Fitness:[0.6403789631503161, 0.6019376927361426]
Position:[0.64037896 0.         0.         0.         0.         0.
 0.         0.         0.         0.         0.         0.
 0.         0.         0.         0.         0.         0.
 0.         0.         0.         0.         0.         0.
 0.         0.         1.         0.         1.         0.        ]
--------------------------------------------------------------------------------------
Solution ID:  240
Fitness:[0.6560552130142023, 0.5895437406898649]
Position:[0.65605521 0.         0.         0.         0.         0.
 0.         0.         0.         0.         0.         0.
 0.         0.         0.         0.         0.         0.
 0.         0.         0.         0.         0.         0.
 0.         0.         1.         0.         1.         0.        ]
--------------------------------------------------------------------------------------
Solution ID:  241
Fitness:[0.6351970709652651, 0.6060678921940993]
Position:[0.63519707 0.         0.         0.         0.         0.
 0.         0.         0.         0.         0.         0.
 0.         0.         0.         0.         0.         0.
 0.         0.         0.         0.         0.         0.
 0.         0.         1.         0.         1.         0.        ]
--------------------------------------------------------------------------------------
Solution ID:  242
Fitness:[0.6043406233007673, 0.6310187015802603]
Position:[0.60434062 0.         0.         0.         0.         0.
 0.         0.         0.         0.         0.         0.
 0.         0.         0.         0.         0.         0.
 0.         0.         0.         0.         0.         0.
 0.         0.         1.         0.         1.         0.        ]
--------------------------------------------------------------------------------------
Solution ID:  243
Fitness:[0.6389905136562727, 0.6030427049799473]
Position:[0.63899051 0.         0.         0.         0.         0.
 0.         0.         0.         0.         0.         0.
 0.         0.         0.         0.         0.         0.
 0.         0.         0.         0.         0.         0.
 0.         0.         1.         0.         1.         0.        ]
--------------------------------------------------------------------------------------
Solution ID:  244
Fitness:[0.9845514189870745, 0.3574983395999576]
Position:[0.98455142 0.         0.         0.         0.         0.
 0.         0.         0.         0.         0.         0.
 0.         0.         0.         0.         0.         0.
 0.         0.         0.         0.         0.         0.
 0.         0.         1.         0.         1.         0.        ]
--------------------------------------------------------------------------------------
Solution ID:  245
Fitness:[0.9737374122780267, 0.3644547444437898]
Position:[0.97373741 0.         0.         0.         0.         0.
 0.         0.         0.         0.         0.         0.
 0.         0.         0.         0.         0.         0.
 0.         0.         0.         0.         0.         0.
 0.         0.         1.         0.         1.         0.        ]
--------------------------------------------------------------------------------------
Solution ID:  246
Fitness:[0.9223531305063839, 0.3980498157153527]
Position:[0.92235313 0.         0.         0.         0.         0.
 0.         0.         0.         0.         0.         0.
 0.         0.         0.         0.         0.         0.
 0.         0.         0.         0.         0.         0.
 0.         0.         1.         0.         1.         0.        ]
--------------------------------------------------------------------------------------
Solution ID:  247
Fitness:[0.9688188190949355, 0.36763154086026584]
Position:[0.96881882 0.         0.         0.         0.         0.
 0.         0.         0.         0.         0.         0.
 0.         0.         0.         0.         0.         0.
 0.         0.         0.         0.         0.         0.
 0.         0.         1.         0.         1.         0.        ]
--------------------------------------------------------------------------------------
Solution ID:  248
Fitness:[0.9710359905005985, 0.36619852941487435]
Position:[0.97103599 0.         0.         0.         0.         0.
 0.         0.         0.         0.         0.         0.
 0.         0.         0.         0.         0.         0.
 0.         0.         0.         0.         0.         0.
 0.         0.         1.         0.         1.         0.        ]
--------------------------------------------------------------------------------------
Solution ID:  249
Fitness:[0.9808291285437029, 0.3598884725418799]
Position:[0.98082913 0.         0.         0.         0.         0.
 0.         0.         0.         0.         0.         0.
 0.         0.         0.         0.         0.         0.
 0.         0.         0.         0.         0.         0.
 0.         0.         1.         0.         1.         0.        ]
--------------------------------------------------------------------------------------
Solution ID:  250
Fitness:[0.9584944148065628, 0.3743261517683976]
Position:[0.95849441 0.         0.         0.         0.         0.
 0.         0.         0.         0.         0.         0.
 0.         0.         0.         0.         0.         0.
 0.         0.         0.         0.         0.         0.
 0.         0.         1.         0.         1.         0.        ]
--------------------------------------------------------------------------------------
Solution ID:  251
Fitness:[0.9883734042213272, 0.3550488879445847]
Position:[0.9883734 0.        0.        0.        0.        0.        0.
 0.        0.        0.        0.        0.        0.        0.
 0.        0.        0.        0.        0.        0.        0.
 0.        0.        0.        0.        0.        1.        0.
 1.        0.       ]
--------------------------------------------------------------------------------------
Solution ID:  252
Fitness:[0.9807036776880866, 0.3599691051619749]
Position:[0.98070368 0.         0.         0.         0.         0.
 0.         0.         0.         0.         0.         0.
 0.         0.         0.         0.         0.         0.
 0.         0.         0.         0.         0.         0.
 0.         0.         1.         0.         1.         0.        ]
--------------------------------------------------------------------------------------
Solution ID:  253
Fitness:[0.18793724155756703, 1.0687947890846887]
Position:[0.18793724 0.         0.         0.         0.         0.
 0.         0.         0.         0.         0.         0.
 0.         0.         0.         0.         0.         0.
 0.         0.         0.         0.         0.         0.
 0.         0.         1.         0.         1.         0.        ]
--------------------------------------------------------------------------------------
Solution ID:  254
Fitness:[0.19008953489567848, 1.0656435825244202]
Position:[0.19008953 0.         0.         0.         0.         0.
 0.         0.         0.         0.         0.         0.
 0.         0.         0.         0.         0.         0.
 0.         0.         0.         0.         0.         0.
 0.         0.         1.         0.         1.         0.        ]
--------------------------------------------------------------------------------------
Solution ID:  255
Fitness:[0.19985874019186345, 1.0515596236991622]
Position:[0.19985874 0.         0.         0.         0.         0.
 0.         0.         0.         0.         0.         0.
 0.         0.         0.         0.         0.         0.
 0.         0.         0.         0.         0.         0.
 0.         0.         1.         0.         1.         0.        ]
--------------------------------------------------------------------------------------
Solution ID:  256
Fitness:[0.13133031812638563, 1.1593376333951864]
Position:[0.13133032 0.         0.         0.         0.         0.
 0.         0.         0.         0.         0.         0.
 0.         0.         0.         0.         0.         0.
 0.         0.         0.         0.         0.         0.
 0.         0.         1.         0.         1.         0.        ]
--------------------------------------------------------------------------------------
Solution ID:  257
Fitness:[0.18982479516854955, 1.0660302264912718]
Position:[0.1898248 0.        0.        0.        0.        0.        0.
 0.        0.        0.        0.        0.        0.        0.
 0.        0.        0.        0.        0.        0.        0.
 0.        0.        0.        0.        0.        1.        0.
 1.        0.       ]
--------------------------------------------------------------------------------------
Solution ID:  258
Fitness:[0.14554600793713612, 1.1350098126677464]
Position:[0.14554601 0.         0.         0.         0.         0.
 0.         0.         0.         0.         0.         0.
 0.         0.         0.         0.         0.         0.
 0.         0.         0.         0.         0.         0.
 0.         0.         1.         0.         1.         0.        ]
--------------------------------------------------------------------------------------
Solution ID:  259
Fitness:[0.16545181350587734, 1.102861457235597]
Position:[0.16545181 0.         0.         0.         0.         0.
 0.         0.         0.         0.         0.         0.
 0.         0.         0.         0.         0.         0.
 0.         0.         0.         0.         0.         0.
 0.         0.         1.         0.         1.         0.        ]
--------------------------------------------------------------------------------------
Solution ID:  260
Fitness:[0.18388501777509614, 1.0747770742134348]
Position:[0.18388502 0.         0.         0.         0.         0.
 0.         0.         0.         0.         0.         0.
 0.         0.         0.         0.         0.         0.
 0.         0.         0.         0.         0.         0.
 0.         0.         1.         0.         1.         0.        ]
--------------------------------------------------------------------------------------
Solution ID:  261
Fitness:[0.18411438984592154, 1.0744367037006015]
Position:[0.18411439 0.         0.         0.         0.         0.
 0.         0.         0.         0.         0.         0.
 0.         0.         0.         0.         0.         0.
 0.         0.         0.         0.         0.         0.
 0.         0.         1.         0.         1.         0.        ]
--------------------------------------------------------------------------------------
Solution ID:  262
Fitness:[0.16594604596644663, 1.1020886138944523]
Position:[0.16594605 0.         0.         0.         0.         0.
 0.         0.         0.         0.         0.         0.
 0.         0.         0.         0.         0.         0.
 0.         0.         0.         0.         0.         0.
 0.         0.         1.         0.         1.         0.        ]
--------------------------------------------------------------------------------------
Solution ID:  263
Fitness:[0.66641686309998, 0.581432749465943]
Position:[0.66641686 0.         0.         0.         0.         0.
 0.         0.         0.         0.         0.         0.
 0.         0.         0.         0.         0.         0.
 0.         0.         0.         0.         0.         0.
 0.         0.         1.         0.         1.         0.        ]
--------------------------------------------------------------------------------------
Solution ID:  264
Fitness:[0.6970056247423899, 0.5578492129530856]
Position:[0.69700562 0.         0.         0.         0.         0.
 0.         0.         0.         0.         0.         0.
 0.         0.         0.         0.         0.         0.
 0.         0.         0.         0.         0.         0.
 0.         0.         1.         0.         1.         0.        ]
--------------------------------------------------------------------------------------
Solution ID:  265
Fitness:[0.6845576681732455, 0.5673827050494551]
Position:[0.68455767 0.         0.         0.         0.         0.
 0.         0.         0.         0.         0.         0.
 0.         0.         0.         0.         0.         0.
 0.         0.         0.         0.         0.         0.
 0.         0.         1.         0.         1.         0.        ]
--------------------------------------------------------------------------------------
Solution ID:  266
Fitness:[0.68065200639024, 0.5703917614636765]
Position:[0.68065201 0.         0.         0.         0.         0.
 0.         0.         0.         0.         0.         0.
 0.         0.         0.         0.         0.         0.
 0.         0.         0.         0.         0.         0.
 0.         0.         1.         0.         1.         0.        ]
--------------------------------------------------------------------------------------
Solution ID:  267
Fitness:[0.6922765136494323, 0.5614609809993344]
Position:[0.69227651 0.         0.         0.         0.         0.
 0.         0.         0.         0.         0.         0.
 0.         0.         0.         0.         0.         0.
 0.         0.         0.         0.         0.         0.
 0.         0.         1.         0.         1.         0.        ]
--------------------------------------------------------------------------------------
Solution ID:  268
Fitness:[0.3263992754575198, 0.8933713416467791]
Position:[0.32639928 0.         0.         0.         0.         0.
 0.         0.         0.         0.         0.         0.
 0.         0.         0.         0.         0.         0.
 0.         0.         0.         0.         0.         0.
 0.         0.         1.         0.         1.         0.        ]
--------------------------------------------------------------------------------------
Solution ID:  269
Fitness:[0.3194933106478639, 0.9011067874887958]
Position:[0.31949331 0.         0.         0.         0.         0.
 0.         0.         0.         0.         0.         0.
 0.         0.         0.         0.         0.         0.
 0.         0.         0.         0.         0.         0.
 0.         0.         1.         0.         1.         0.        ]
--------------------------------------------------------------------------------------
Solution ID:  270
Fitness:[0.3330971416153637, 0.8859467807030382]
Position:[0.33309714 0.         0.         0.         0.         0.
 0.         0.         0.         0.         0.         0.
 0.         0.         0.         0.         0.         0.
 0.         0.         0.         0.         0.         0.
 0.         0.         1.         0.         1.         0.        ]
--------------------------------------------------------------------------------------
Solution ID:  271
Fitness:[0.3679366916779644, 0.8484777736522969]
Position:[0.36793669 0.         0.         0.         0.         0.
 0.         0.         0.         0.         0.         0.
 0.         0.         0.         0.         0.         0.
 0.         0.         0.         0.         0.         0.
 0.         0.         1.         0.         1.         0.        ]
--------------------------------------------------------------------------------------
Solution ID:  272
Fitness:[0.3593007280862734, 0.8575940038249961]
Position:[0.35930073 0.         0.         0.         0.         0.
 0.         0.         0.         0.         0.         0.
 0.         0.         0.         0.         0.         0.
 0.         0.         0.         0.         0.         0.
 0.         0.         1.         0.         1.         0.        ]
--------------------------------------------------------------------------------------
Solution ID:  273
Fitness:[0.35793383554289165, 0.859046914446456]
Position:[0.35793384 0.         0.         0.         0.         0.
 0.         0.         0.         0.         0.         0.
 0.         0.         0.         0.         0.         0.
 0.         0.         0.         0.         0.         0.
 0.         0.         1.         0.         1.         0.        ]
--------------------------------------------------------------------------------------
Solution ID:  274
Fitness:[0.39898574424048133, 0.816555295595723]
Position:[0.39898574 0.         0.         0.         0.         0.
 0.         0.         0.         0.         0.         0.
 0.         0.         0.         0.         0.         0.
 0.         0.         0.         0.         0.         0.
 0.         0.         1.         0.         1.         0.        ]
--------------------------------------------------------------------------------------
Solution ID:  275
Fitness:[0.33759173544187504, 0.8810063220477926]
Position:[0.33759174 0.         0.         0.         0.         0.
 0.         0.         0.         0.         0.         0.
 0.         0.         0.         0.         0.         0.
 0.         0.         0.         0.         0.         0.
 0.         0.         1.         0.         1.         0.        ]
--------------------------------------------------------------------------------------
Solution ID:  276
Fitness:[0.3962769939335742, 0.81928961483615]
Position:[0.39627699 0.         0.         0.         0.         0.
 0.         0.         0.         0.         0.         0.
 0.         0.         0.         0.         0.         0.
 0.         0.         0.         0.         0.         0.
 0.         0.         1.         0.         1.         0.        ]
--------------------------------------------------------------------------------------
Solution ID:  277
Fitness:[0.39008838645279575, 0.8431326391417149]
Position:[0.39008839 0.         0.         0.         0.         0.
 0.         0.         0.07488978 0.         0.         0.
 0.         0.         0.         0.         0.         0.
 0.         0.         0.         0.         0.         0.
 0.         0.         1.         0.         1.         0.        ]
--------------------------------------------------------------------------------------
Solution ID:  278
Fitness:[0.3480284242081826, 0.8696596512310545]
Position:[0.34802842 0.         0.         0.         0.         0.
 0.         0.         0.         0.         0.         0.
 0.         0.         0.         0.         0.         0.
 0.         0.         0.         0.         0.         0.
 0.         0.         1.         0.         1.         0.        ]
--------------------------------------------------------------------------------------
Solution ID:  279
Fitness:[0.33317221308718376, 0.8858639893568424]
Position:[0.33317221 0.         0.         0.         0.         0.
 0.         0.         0.         0.         0.         0.
 0.         0.         0.         0.         0.         0.
 0.         0.         0.         0.         0.         0.
 0.         0.         1.         0.         1.         0.        ]
--------------------------------------------------------------------------------------
Solution ID:  280
Fitness:[0.5656280746850995, 0.6632411869417574]
Position:[0.56562807 0.         0.         0.         0.         0.
 0.         0.         0.         0.         0.         0.
 0.         0.         0.         0.         0.         0.
 0.         0.         0.         0.         0.         0.
 0.         0.         1.         0.         1.         0.        ]
--------------------------------------------------------------------------------------
Solution ID:  281
Fitness:[0.5009179707060024, 0.7196721341367924]
Position:[0.50091797 0.         0.         0.         0.         0.
 0.         0.         0.         0.         0.         0.
 0.         0.         0.         0.         0.         0.
 0.         0.         0.         0.         0.         0.
 0.         0.         1.         0.         1.         0.        ]
--------------------------------------------------------------------------------------
Solution ID:  282
Fitness:[0.572393412116625, 0.6575323047325937]
Position:[0.57239341 0.         0.         0.         0.         0.
 0.         0.         0.         0.         0.         0.
 0.         0.         0.         0.         0.         0.
 0.         0.         0.         0.         0.         0.
 0.         0.         1.         0.         1.         0.        ]
--------------------------------------------------------------------------------------
Solution ID:  283
Fitness:[0.5773384950497672, 0.6533807456404238]
Position:[0.5773385 0.        0.        0.        0.        0.        0.
 0.        0.        0.        0.        0.        0.        0.
 0.        0.        0.        0.        0.        0.        0.
 0.        0.        0.        0.        0.        1.        0.
 1.        0.       ]
--------------------------------------------------------------------------------------
Solution ID:  284
Fitness:[0.5992431203090942, 0.6352013873486981]
Position:[0.59924312 0.         0.         0.         0.         0.
 0.         0.         0.         0.         0.         0.
 0.         0.         0.         0.         0.         0.
 0.         0.         0.         0.         0.         0.
 0.         0.         1.         0.         1.         0.        ]
--------------------------------------------------------------------------------------
Solution ID:  285
Fitness:[0.5260172060447352, 0.6973746253589711]
Position:[0.52601721 0.         0.         0.         0.         0.
 0.         0.         0.         0.         0.         0.
 0.         0.         0.         0.         0.         0.
 0.         0.         0.         0.         0.         0.
 0.         0.         1.         0.         1.         0.        ]
--------------------------------------------------------------------------------------
